# step, loss_train, loss_test, metrics_test
0.000000000000000000e+00 7.284641504036152996e-04 1.085061279455126586e-04 1.696613128156233266e-04 6.422983493587528870e-04 7.753041356273184198e-05 7.284641504036152996e-04 1.085061279455126586e-04 1.696613128156233266e-04 6.422983493587528870e-04 7.753041356273184198e-05
1.000000000000000000e+03 2.730786541619271944e-09 2.378078738109662027e-10 1.260136312509564862e-10 1.816132061817052234e-10 1.123431200683138779e-09 2.730786541619271944e-09 2.378078738109662027e-10 1.260136312509564862e-10 1.816132061817052234e-10 1.123431200683138779e-09
1.000000000000000000e+03 2.730786541619271944e-09 2.378078738109662027e-10 1.260136312509564862e-10 1.816132061817052234e-10 1.123431200683138779e-09 2.730786541619271944e-09 2.378078738109662027e-10 1.260136312509564862e-10 1.816132061817052234e-10 1.123431200683138779e-09
2.000000000000000000e+03 1.950282411741031774e-13 6.175627028577623155e-14 1.774890678286266076e-14 4.933527225540730572e-14 4.034115623297995367e-14 1.950282411741031774e-13 6.175627028577623155e-14 1.774890678286266076e-14 4.933527225540730572e-14 4.034115623297995367e-14
3.000000000000000000e+03 2.351898075739215609e-14 1.075850849350018810e-15 8.194609527879105979e-16 8.688844089761827166e-16 1.440053697634004517e-15 2.351898075739215609e-14 1.075850849350018810e-15 8.194609527879105979e-16 8.688844089761827166e-16 1.440053697634004517e-15
4.000000000000000000e+03 1.044000394891319355e-15 1.046436258800845693e-16 4.365277361986925028e-17 2.231918715260304904e-17 4.723968828949541959e-17 1.044000394891319355e-15 1.046436258800845693e-16 4.365277361986925028e-17 2.231918715260304904e-17 4.723968828949541959e-17
5.000000000000000000e+03 8.506319199129537635e-16 3.493294574476552925e-17 9.295524704913318453e-18 1.130989343691686214e-17 3.116465626024460730e-17 8.506319199129537635e-16 3.493294574476552925e-17 9.295524704913318453e-18 1.130989343691686214e-17 3.116465626024460730e-17
6.000000000000000000e+03 7.848150840361854229e-16 4.075756488469862603e-17 6.698499801290177550e-18 1.612041450133163032e-17 2.518047083386407806e-17 7.848150840361854229e-16 4.075756488469862603e-17 6.698499801290177550e-18 1.612041450133163032e-17 2.518047083386407806e-17
7.000000000000000000e+03 5.686073315196510687e-16 2.729865188641215836e-17 7.145913536587963710e-18 2.412402303118530323e-17 3.044902227926461242e-17 5.686073315196510687e-16 2.729865188641215836e-17 7.145913536587963710e-18 2.412402303118530323e-17 3.044902227926461242e-17
8.000000000000000000e+03 1.165589819259939664e-16 9.200070350592207259e-18 1.313650057925672565e-17 1.591594039750050426e-17 8.443321830555471335e-18 1.165589819259939664e-16 9.200070350592207259e-18 1.313650057925672565e-17 1.591594039750050426e-17 8.443321830555471335e-18
8.437000000000000000e+03 1.046854832260201405e-16 4.325190491664635217e-18 6.609662424835058982e-18 7.049444556611796537e-18 6.220055449355115916e-18 1.046854832260201405e-16 4.325190491664635217e-18 6.609662424835058982e-18 7.049444556611796537e-18 6.220055449355115916e-18
