# step, loss_train, loss_test, metrics_test
0.000000000000000000e+00 2.419773966899102860e-02 4.801176093071886017e-03 3.442709748484085175e-02 9.761689547814950130e-03 3.032354064594431839e-02 2.419773966899102860e-02 4.801176093071886017e-03 3.442709748484085175e-02 9.761689547814950130e-03 3.032354064594431839e-02
1.000000000000000000e+03 2.554614224618313299e-06 2.513376776958623584e-07 4.042088826449998253e-07 3.733673847952288365e-07 8.461793357102915950e-08 2.554614224618313299e-06 2.513376776958623584e-07 4.042088826449998253e-07 3.733673847952288365e-07 8.461793357102915950e-08
1.000000000000000000e+03 2.554614224618313299e-06 2.513376776958623584e-07 4.042088826449998253e-07 3.733673847952288365e-07 8.461793357102915950e-08 2.554614224618313299e-06 2.513376776958623584e-07 4.042088826449998253e-07 3.733673847952288365e-07 8.461793357102915950e-08
2.000000000000000000e+03 2.861290372500971013e-09 3.288697040174812291e-10 3.124012694460195126e-10 3.755024809253746342e-10 2.142134208872535829e-10 2.861290372500971013e-09 3.288697040174812291e-10 3.124012694460195126e-10 3.755024809253746342e-10 2.142134208872535829e-10
3.000000000000000000e+03 7.837870146051408669e-10 6.375670556525427145e-11 6.748123623381037945e-11 7.257033083779066220e-11 7.638900814076829440e-11 7.837870146051408669e-10 6.375670556525427145e-11 6.748123623381037945e-11 7.257033083779066220e-11 7.638900814076829440e-11
4.000000000000000000e+03 2.333818407556275786e-10 1.604975387641730588e-11 4.145693904505802267e-11 1.582225093460644880e-11 2.613082545800531931e-11 2.333818407556275786e-10 1.604975387641730588e-11 4.145693904505802267e-11 1.582225093460644880e-11 2.613082545800531931e-11
5.000000000000000000e+03 1.501731818546941950e-10 8.310236689828288500e-12 1.488512242456254836e-11 6.986524934690218541e-12 1.301441517859907318e-11 1.501731818546941950e-10 8.310236689828288500e-12 1.488512242456254836e-11 6.986524934690218541e-12 1.301441517859907318e-11
6.000000000000000000e+03 1.306258102173901384e-10 5.824628424633564937e-12 1.126806421317386337e-11 4.282076245032010718e-12 5.701200166054994954e-12 1.306258102173901384e-10 5.824628424633564937e-12 1.126806421317386337e-11 4.282076245032010718e-12 5.701200166054994954e-12
7.000000000000000000e+03 4.759955597365631829e-11 1.569006162178025401e-12 4.994189808550139107e-12 3.377571675059211949e-12 1.888984724230671741e-12 4.759955597365631829e-11 1.569006162178025401e-12 4.994189808550139107e-12 3.377571675059211949e-12 1.888984724230671741e-12
8.000000000000000000e+03 2.503642046203502708e-11 5.947905882664029000e-13 2.968646293662963837e-12 1.701510772294098881e-12 1.326505404134560247e-12 2.503642046203502708e-11 5.947905882664029000e-13 2.968646293662963837e-12 1.701510772294098881e-12 1.326505404134560247e-12
9.000000000000000000e+03 1.501987584384662729e-11 6.735601771880779167e-13 1.635195449689849415e-12 1.676831720306527950e-12 8.327245822989227023e-13 1.501987584384662729e-11 6.735601771880779167e-13 1.635195449689849415e-12 1.676831720306527950e-12 8.327245822989227023e-13
1.000000000000000000e+04 1.262695721657497135e-11 5.300213006661023753e-13 9.282221097287188311e-13 7.314195159866454949e-13 5.110518378519062594e-13 1.262695721657497135e-11 5.300213006661023753e-13 9.282221097287188311e-13 7.314195159866454949e-13 5.110518378519062594e-13
1.100000000000000000e+04 8.340768169669467559e-12 4.465233799961869337e-13 1.015258071042576257e-12 1.094518474595483228e-12 3.168500663617041439e-13 8.340768169669467559e-12 4.465233799961869337e-13 1.015258071042576257e-12 1.094518474595483228e-12 3.168500663617041439e-13
1.100100000000000000e+04 8.302847664667900002e-12 4.310162456392707929e-13 1.013640529152548064e-12 1.042515681178879649e-12 3.364733253931012081e-13 8.302847664667900002e-12 4.310162456392707929e-13 1.013640529152548064e-12 1.042515681178879649e-12 3.364733253931012081e-13
