# step, loss_train, loss_test, metrics_test
0.000000000000000000e+00 1.699464781195705486e-04 1.132617936968919603e-01 5.896188113644668105e-01 6.491430784904224094e-01 1.237807539939603935e-01 4.339486029761999326e-03 1.699464781195705486e-04 1.132617936968919603e-01 5.896188113644668105e-01 6.491430784904224094e-01 1.237807539939603935e-01 4.339486029761999326e-03
1.000000000000000000e+03 1.632195066980453486e-04 2.308649992654444218e-05 5.279112691014828043e-05 3.404540055088026867e-05 9.753817188526255419e-06 3.563232956783341220e-05 1.632195066980453486e-04 2.308649992654444218e-05 5.279112691014828043e-05 3.404540055088026867e-05 9.753817188526255419e-06 3.563232956783341220e-05
1.000000000000000000e+03 1.632195066980453486e-04 2.308649992654444218e-05 5.279112691014828043e-05 3.404540055088026867e-05 9.753817188526255419e-06 3.563232956783341220e-05 1.632195066980453486e-04 2.308649992654444218e-05 5.279112691014828043e-05 3.404540055088026867e-05 9.753817188526255419e-06 3.563232956783341220e-05
2.000000000000000000e+03 4.462236598988272581e-08 1.289813936024837455e-09 2.185818678673843899e-09 2.831041072067232077e-09 9.634081012224727528e-10 2.880866762034231349e-09 4.462236598988272581e-08 1.289813936024837455e-09 2.185818678673843899e-09 2.831041072067232077e-09 9.634081012224727528e-10 2.880866762034231349e-09
3.000000000000000000e+03 1.794210657408443838e-08 5.935200417295827616e-10 1.452696548439913268e-09 1.752177349347430417e-09 7.562908001962908153e-10 5.153411333671427730e-10 1.794210657408443838e-08 5.935200417295827616e-10 1.452696548439913268e-09 1.752177349347430417e-09 7.562908001962908153e-10 5.153411333671427730e-10
4.000000000000000000e+03 5.489848866998303162e-09 1.004015603183976563e-10 3.943938492194546483e-10 4.294466948092212988e-10 1.192479228333501434e-10 1.231693890448399382e-10 5.489848866998303162e-09 1.004015603183976563e-10 3.943938492194546483e-10 4.294466948092212988e-10 1.192479228333501434e-10 1.231693890448399382e-10
5.000000000000000000e+03 1.297597067677291443e-09 1.671823678543102118e-11 4.908020755301929844e-11 6.856785731681664917e-11 2.001331391208848927e-11 1.032291190460150434e-11 1.297597067677291443e-09 1.671823678543102118e-11 4.908020755301929844e-11 6.856785731681664917e-11 2.001331391208848927e-11 1.032291190460150434e-11
6.000000000000000000e+03 1.122325472385307101e-09 2.053164195458321255e-11 4.184378462975787573e-11 4.972683414340191189e-11 2.143875705019293396e-11 2.403487549616633785e-11 1.122325472385307101e-09 2.053164195458321255e-11 4.184378462975787573e-11 4.972683414340191189e-11 2.143875705019293396e-11 2.403487549616633785e-11
7.000000000000000000e+03 5.213750628591510588e-10 1.535313383656759037e-11 7.237326261269671270e-11 6.879524510314767680e-11 3.071140661895350679e-11 2.256112317243904934e-11 5.213750628591510588e-10 1.535313383656759037e-11 7.237326261269671270e-11 6.879524510314767680e-11 3.071140661895350679e-11 2.256112317243904934e-11
8.000000000000000000e+03 2.909488146086212075e-10 1.498858568606934709e-11 2.596105870713837856e-11 2.131148059504554389e-11 2.593663105257150916e-11 7.105954490633026334e-12 2.909488146086212075e-10 1.498858568606934709e-11 2.596105870713837856e-11 2.131148059504554389e-11 2.593663105257150916e-11 7.105954490633026334e-12
9.000000000000000000e+03 2.826674056408383137e-10 1.463050965111244870e-11 2.122674943776106785e-11 1.697725902429562919e-11 2.627981979526591094e-11 8.427610872824618360e-12 2.826674056408383137e-10 1.463050965111244870e-11 2.122674943776106785e-11 1.697725902429562919e-11 2.627981979526591094e-11 8.427610872824618360e-12
1.000000000000000000e+04 1.434827414954923320e-10 6.509832144519587926e-12 9.793379100038525194e-12 8.952597879177016550e-12 8.543413952064524975e-12 4.547997549415964249e-12 1.434827414954923320e-10 6.509832144519587926e-12 9.793379100038525194e-12 8.952597879177016550e-12 8.543413952064524975e-12 4.547997549415964249e-12
1.100000000000000000e+04 1.258261652203107637e-10 5.151349234871486000e-12 9.484398213845630233e-12 7.783945964524549449e-12 7.005235129729839906e-12 3.868619033867729547e-12 1.258261652203107637e-10 5.151349234871486000e-12 9.484398213845630233e-12 7.783945964524549449e-12 7.005235129729839906e-12 3.868619033867729547e-12
1.100100000000000000e+04 1.257753956310831683e-10 5.162762192927742849e-12 9.621174335289634027e-12 7.823175462731551601e-12 6.978560585506679344e-12 3.753817583392873446e-12 1.257753956310831683e-10 5.162762192927742849e-12 9.621174335289634027e-12 7.823175462731551601e-12 6.978560585506679344e-12 3.753817583392873446e-12
