# step, loss_train, loss_test, metrics_test
0.000000000000000000e+00 6.124523053707650599e-02 4.808145936247116420e-02 1.788884378721067878e-03 3.410777968039332281e-02 1.810006012759679192e-02 6.124523053707650599e-02 4.808145936247116420e-02 1.788884378721067878e-03 3.410777968039332281e-02 1.810006012759679192e-02
1.000000000000000000e+03 1.377033179764130849e-07 3.984645910531698862e-08 1.941521460811155913e-08 2.782704982648070926e-08 3.542493422255803928e-08 1.377033179764130849e-07 3.984645910531698862e-08 1.941521460811155913e-08 2.782704982648070926e-08 3.542493422255803928e-08
1.000000000000000000e+03 1.377033179764130849e-07 3.984645910531698862e-08 1.941521460811155913e-08 2.782704982648070926e-08 3.542493422255803928e-08 1.377033179764130849e-07 3.984645910531698862e-08 1.941521460811155913e-08 2.782704982648070926e-08 3.542493422255803928e-08
2.000000000000000000e+03 1.139355011152223984e-10 5.916689128310807976e-12 1.278852926629383219e-11 2.348054766114336726e-11 1.133134105944157670e-11 1.139355011152223984e-10 5.916689128310807976e-12 1.278852926629383219e-11 2.348054766114336726e-11 1.133134105944157670e-11
3.000000000000000000e+03 1.712785370613578514e-11 1.576709920934168799e-12 5.199322773694334672e-12 2.002847295541606509e-12 2.898786219704491351e-12 1.712785370613578514e-11 1.576709920934168799e-12 5.199322773694334672e-12 2.002847295541606509e-12 2.898786219704491351e-12
4.000000000000000000e+03 5.194335021602933423e-12 2.838114858600479741e-13 1.539266496034192375e-12 5.584501985846322996e-13 1.169765764771068447e-13 5.194335021602933423e-12 2.838114858600479741e-13 1.539266496034192375e-12 5.584501985846322996e-13 1.169765764771068447e-13
5.000000000000000000e+03 1.864775031452681683e-12 3.062234084783789593e-14 1.979029601723602181e-13 5.343422461245640628e-14 7.057072027707813395e-14 1.864775031452681683e-12 3.062234084783789593e-14 1.979029601723602181e-13 5.343422461245640628e-14 7.057072027707813395e-14
6.000000000000000000e+03 7.306841371916714942e-13 7.314838985048145819e-14 8.103275304689149460e-14 1.008754207750153734e-13 7.276066012782255780e-14 7.306841371916714942e-13 7.314838985048145819e-14 8.103275304689149460e-14 1.008754207750153734e-13 7.276066012782255780e-14
7.000000000000000000e+03 4.505295120068809742e-13 3.274761857037627767e-14 4.632595737099233375e-14 8.345039016787577854e-14 3.279263125459270669e-14 4.505295120068809742e-13 3.274761857037627767e-14 4.632595737099233375e-14 8.345039016787577854e-14 3.279263125459270669e-14
8.000000000000000000e+03 2.298021102314644887e-13 1.487781883295701537e-14 2.642974146623498299e-14 2.599835680026082154e-14 1.615414291638435515e-14 2.298021102314644887e-13 1.487781883295701537e-14 2.642974146623498299e-14 2.599835680026082154e-14 1.615414291638435515e-14
9.000000000000000000e+03 1.257308429961779160e-13 1.275782399887870164e-14 3.036835362395798403e-14 1.319641083559996978e-14 1.684457006908160802e-14 1.257308429961779160e-13 1.275782399887870164e-14 3.036835362395798403e-14 1.319641083559996978e-14 1.684457006908160802e-14
1.000000000000000000e+04 1.234610471813237363e-13 1.148015565887261754e-14 2.352313314922223947e-14 7.812315563277055913e-15 1.688628940748417922e-14 1.234610471813237363e-13 1.148015565887261754e-14 2.352313314922223947e-14 7.812315563277055913e-15 1.688628940748417922e-14
1.100000000000000000e+04 1.050059801451895246e-13 1.008224089512976067e-14 1.203994758712348810e-14 8.001184224365343663e-15 8.237249174310064265e-15 1.050059801451895246e-13 1.008224089512976067e-14 1.203994758712348810e-14 8.001184224365343663e-15 8.237249174310064265e-15
1.100200000000000000e+04 1.048043238110392342e-13 9.905112167586185167e-15 1.205067655666601136e-14 8.131644889692755680e-15 8.337254326397806647e-15 1.048043238110392342e-13 9.905112167586185167e-15 1.205067655666601136e-14 8.131644889692755680e-15 8.337254326397806647e-15
