# step, loss_train, loss_test, metrics_test
0.000000000000000000e+00 3.668579890333702859e-04 3.668579890333702859e-04
1.000000000000000000e+03 1.240619882617900996e-09 1.240619882617900996e-09
1.000000000000000000e+03 1.240619882617900996e-09 1.240619882617900996e-09
2.000000000000000000e+03 1.355434439118765446e-13 1.355434439118765446e-13
3.000000000000000000e+03 2.383758763080893871e-14 2.383758763080893871e-14
4.000000000000000000e+03 1.579205426272049799e-14 1.579205426272049799e-14
5.000000000000000000e+03 5.763927978687128904e-15 5.763927978687128904e-15
6.000000000000000000e+03 3.562872580459775528e-15 3.562872580459775528e-15
7.000000000000000000e+03 2.673170684590825228e-15 2.673170684590825228e-15
8.000000000000000000e+03 1.345310178724064551e-15 1.345310178724064551e-15
9.000000000000000000e+03 7.247543265319616690e-16 7.247543265319616690e-16
1.000000000000000000e+04 5.393209728558993087e-16 5.393209728558993087e-16
1.100000000000000000e+04 4.912523606142076080e-16 4.912523606142076080e-16
1.100200000000000000e+04 4.912297890617045180e-16 4.912297890617045180e-16
