# step, loss_train, loss_test, metrics_test
0.000000000000000000e+00 4.268666309934901265e-04 1.376296931032557069e-01 6.027643761792288446e-01 7.286193721321606587e-01 1.267081279023223872e-01 5.008019135243158525e-03 4.268666309934901265e-04 1.376296931032557069e-01 6.027643761792288446e-01 7.286193721321606587e-01 1.267081279023223872e-01 5.008019135243158525e-03
1.000000000000000000e+03 8.355598156189934192e-05 4.737729483265207351e-04 1.893071451371722681e-04 1.704190651155910563e-04 2.970002527078615361e-04 8.446869617762790708e-05 8.355598156189934192e-05 4.737729483265207351e-04 1.893071451371722681e-04 1.704190651155910563e-04 2.970002527078615361e-04 8.446869617762790708e-05
1.000000000000000000e+03 8.355598156189934192e-05 4.737729483265207351e-04 1.893071451371722681e-04 1.704190651155910563e-04 2.970002527078615361e-04 8.446869617762790708e-05 8.355598156189934192e-05 4.737729483265207351e-04 1.893071451371722681e-04 1.704190651155910563e-04 2.970002527078615361e-04 8.446869617762790708e-05
2.000000000000000000e+03 6.206744565468360561e-08 3.724439523867813770e-09 9.798439541985517964e-09 1.039126711828187869e-08 6.116702966874276761e-09 6.779542884009413445e-09 6.206744565468360561e-08 3.724439523867813770e-09 9.798439541985517964e-09 1.039126711828187869e-08 6.116702966874276761e-09 6.779542884009413445e-09
3.000000000000000000e+03 1.289618138010220682e-08 4.895524387840629480e-10 1.203146051536428750e-09 1.630460653445034343e-09 5.310299345666445185e-10 1.928906688129117271e-09 1.289618138010220682e-08 4.895524387840629480e-10 1.203146051536428750e-09 1.630460653445034343e-09 5.310299345666445185e-10 1.928906688129117271e-09
4.000000000000000000e+03 5.401036371323001310e-09 1.665072108095125845e-10 3.966690906655661324e-10 7.606429627592972217e-10 1.293427887380985820e-10 5.064036982443528554e-10 5.401036371323001310e-09 1.665072108095125845e-10 3.966690906655661324e-10 7.606429627592972217e-10 1.293427887380985820e-10 5.064036982443528554e-10
5.000000000000000000e+03 2.278617116510970507e-09 8.305811159962266741e-11 2.106843726106117583e-10 2.091951559315949881e-10 8.447921965973804412e-11 1.354996261560434879e-10 2.278617116510970507e-09 8.305811159962266741e-11 2.106843726106117583e-10 2.091951559315949881e-10 8.447921965973804412e-11 1.354996261560434879e-10
6.000000000000000000e+03 1.479127653906457962e-09 3.058266389609664687e-11 7.144897436750723276e-11 1.242972903030369705e-10 3.855964476927024894e-11 5.192131281252066642e-11 1.479127653906457962e-09 3.058266389609664687e-11 7.144897436750723276e-11 1.242972903030369705e-10 3.855964476927024894e-11 5.192131281252066642e-11
7.000000000000000000e+03 7.632113915344422488e-10 4.701000120833891934e-11 2.558165212695409481e-11 7.447785018315430271e-11 3.982989811220573723e-11 5.342845462748283314e-11 7.632113915344422488e-10 4.701000120833891934e-11 2.558165212695409481e-11 7.447785018315430271e-11 3.982989811220573723e-11 5.342845462748283314e-11
8.000000000000000000e+03 6.676033996244290846e-10 2.551233526122777482e-11 1.354333425918798766e-11 5.339024253603739358e-11 1.941710254795551203e-11 3.270197662358287849e-11 6.676033996244290846e-10 2.551233526122777482e-11 1.354333425918798766e-11 5.339024253603739358e-11 1.941710254795551203e-11 3.270197662358287849e-11
9.000000000000000000e+03 4.400658793469493448e-10 3.043077722211361517e-11 1.981290966914311622e-11 1.518894381034181821e-11 2.017357075144628458e-11 2.018663822352360932e-11 4.400658793469493448e-10 3.043077722211361517e-11 1.981290966914311622e-11 1.518894381034181821e-11 2.017357075144628458e-11 2.018663822352360932e-11
1.000000000000000000e+04 3.672076553988799472e-10 3.067217168399445493e-11 1.343491304558194585e-11 1.519048274064066835e-11 1.864252752054658632e-11 1.365973565109678861e-11 3.672076553988799472e-10 3.067217168399445493e-11 1.343491304558194585e-11 1.519048274064066835e-11 1.864252752054658632e-11 1.365973565109678861e-11
1.100000000000000000e+04 3.083282887552282071e-10 3.270224040447595349e-11 1.036919146199144730e-11 1.649864500209411851e-11 1.125020681626585218e-11 8.941219334717695780e-12 3.083282887552282071e-10 3.270224040447595349e-11 1.036919146199144730e-11 1.649864500209411851e-11 1.125020681626585218e-11 8.941219334717695780e-12
1.100100000000000000e+04 3.082492697466052656e-10 3.281207157264878319e-11 1.032675559970009472e-11 1.640417867310861813e-11 1.131789834244218597e-11 8.945687198636189623e-12 3.082492697466052656e-10 3.281207157264878319e-11 1.032675559970009472e-11 1.640417867310861813e-11 1.131789834244218597e-11 8.945687198636189623e-12
