# step, loss_train, loss_test, metrics_test
0.000000000000000000e+00 8.693909186199812395e-04 4.536611202197991075e-06 8.693909186199812395e-04 4.536611202197991075e-06
1.000000000000000000e+03 1.050500286191741824e-08 2.894082349805403510e-10 1.050500286191741824e-08 2.894082349805403510e-10
1.000000000000000000e+03 1.050500286191741824e-08 2.894082349805403510e-10 1.050500286191741824e-08 2.894082349805403510e-10
2.000000000000000000e+03 6.491694895914126198e-12 2.035772341818018764e-13 6.491694895914126198e-12 2.035772341818018764e-13
3.000000000000000000e+03 1.241929032223447578e-12 1.113542216680229052e-13 1.241929032223447578e-12 1.113542216680229052e-13
4.000000000000000000e+03 2.886830052415231535e-13 3.862884657362579363e-14 2.886830052415231535e-13 3.862884657362579363e-14
5.000000000000000000e+03 8.160898417147339368e-14 5.931468721275120640e-15 8.160898417147339368e-14 5.931468721275120640e-15
6.000000000000000000e+03 4.316591115806715031e-14 8.526463131743735555e-16 4.316591115806715031e-14 8.526463131743735555e-16
7.000000000000000000e+03 1.887831964268140165e-14 5.533209764761866438e-16 1.887831964268140165e-14 5.533209764761866438e-16
8.000000000000000000e+03 9.750185879670095934e-15 8.474584646480176098e-16 9.750185879670095934e-15 8.474584646480176098e-16
9.000000000000000000e+03 6.343374652562200814e-15 3.821118667199400902e-16 6.343374652562200814e-15 3.821118667199400902e-16
1.000000000000000000e+04 5.023904847800586537e-15 1.417123994127182513e-16 5.023904847800586537e-15 1.417123994127182513e-16
1.100000000000000000e+04 4.284527903714260665e-15 2.168122009166633386e-16 4.284527903714260665e-15 2.168122009166633386e-16
1.100100000000000000e+04 4.265701673458424948e-15 2.211101194825834065e-16 4.265701673458424948e-15 2.211101194825834065e-16
