# step, loss_train, loss_test, metrics_test
0.000000000000000000e+00 5.671349685246494321e-04 2.682870443366937009e-06 5.671349685246494321e-04 2.682870443366937009e-06
1.000000000000000000e+03 2.459963833515985946e-09 4.320585793873452411e-11 2.459963833515985946e-09 4.320585793873452411e-11
1.000000000000000000e+03 2.459963833515985946e-09 4.320585793873452411e-11 2.459963833515985946e-09 4.320585793873452411e-11
2.000000000000000000e+03 9.720188352129333454e-14 3.179915332912359547e-15 9.720188352129333454e-14 3.179915332912359547e-15
3.000000000000000000e+03 1.758799633383274510e-15 1.055826637821537072e-16 1.758799633383274510e-15 1.055826637821537072e-16
4.000000000000000000e+03 8.756055515221915795e-16 1.030693796112877459e-16 8.756055515221915795e-16 1.030693796112877459e-16
5.000000000000000000e+03 3.929717438061962670e-16 1.486677482888995906e-17 3.929717438061962670e-16 1.486677482888995906e-17
6.000000000000000000e+03 1.863659190441572379e-16 3.161151661606265724e-18 1.863659190441572379e-16 3.161151661606265724e-18
7.000000000000000000e+03 3.432418327604942931e-17 1.300361450854708772e-18 3.432418327604942931e-17 1.300361450854708772e-18
7.323000000000000000e+03 2.960407761941970102e-17 8.966332996991195411e-19 2.960407761941970102e-17 8.966332996991195411e-19
