# step, loss_train, loss_test, metrics_test
0.000000000000000000e+00 3.440243096824640700e-03 3.440243096824640700e-03
1.000000000000000000e+03 2.484639915429596743e-07 2.484639915429596743e-07
1.000000000000000000e+03 2.484639915429596743e-07 2.484639915429596743e-07
2.000000000000000000e+03 8.664859820620374912e-12 8.664859820620374912e-12
3.000000000000000000e+03 2.573614201436436674e-12 2.573614201436436674e-12
4.000000000000000000e+03 1.296301494541038205e-12 1.296301494541038205e-12
5.000000000000000000e+03 4.404399564720804900e-13 4.404399564720804900e-13
6.000000000000000000e+03 3.196908787607741045e-13 3.196908787607741045e-13
7.000000000000000000e+03 1.877854227627230069e-13 1.877854227627230069e-13
8.000000000000000000e+03 1.494379918035906492e-13 1.494379918035906492e-13
9.000000000000000000e+03 1.236141424623637856e-13 1.236141424623637856e-13
1.000000000000000000e+04 9.853068939012897066e-14 9.853068939012897066e-14
1.100000000000000000e+04 6.183982219223693216e-14 6.183982219223693216e-14
1.100200000000000000e+04 6.163231911322230644e-14 6.163231911322230644e-14
