# step, loss_train, loss_test, metrics_test
0.000000000000000000e+00 2.095932377816519393e-02 1.504819717161083592e-01 5.114927038281317229e-01 6.707561323677113663e-01 1.167818277371719116e-01 3.485668041101297465e-02 2.095932377816519393e-02 1.504819717161083592e-01 5.114927038281317229e-01 6.707561323677113663e-01 1.167818277371719116e-01 3.485668041101297465e-02
1.000000000000000000e+03 3.175488895048079346e-04 4.297123906265411860e-05 3.830713343407244367e-05 4.799721289622354675e-05 5.131879647489502876e-05 2.963576466563760587e-05 3.175488895048079346e-04 4.297123906265411860e-05 3.830713343407244367e-05 4.799721289622354675e-05 5.131879647489502876e-05 2.963576466563760587e-05
1.000000000000000000e+03 3.175488895048079346e-04 4.297123906265411860e-05 3.830713343407244367e-05 4.799721289622354675e-05 5.131879647489502876e-05 2.963576466563760587e-05 3.175488895048079346e-04 4.297123906265411860e-05 3.830713343407244367e-05 4.799721289622354675e-05 5.131879647489502876e-05 2.963576466563760587e-05
2.000000000000000000e+03 2.993276483264551524e-08 3.282878671866827332e-09 4.646702059008198210e-09 4.938840169831076908e-09 3.628420742275053316e-09 4.998464377797963106e-09 2.993276483264551524e-08 3.282878671866827332e-09 4.646702059008198210e-09 4.938840169831076908e-09 3.628420742275053316e-09 4.998464377797963106e-09
3.000000000000000000e+03 8.077898615470787493e-09 1.563717211608470830e-10 8.954777324592534700e-10 9.392386411615477948e-10 1.567871068769391506e-10 7.324732040068193995e-10 8.077898615470787493e-09 1.563717211608470830e-10 8.954777324592534700e-10 9.392386411615477948e-10 1.567871068769391506e-10 7.324732040068193995e-10
4.000000000000000000e+03 1.301708694031310419e-09 9.560475437600112788e-11 2.297865892269701182e-10 3.794865295120757799e-10 1.077178271579300626e-10 2.832139323534930161e-10 1.301708694031310419e-09 9.560475437600112788e-11 2.297865892269701182e-10 3.794865295120757799e-10 1.077178271579300626e-10 2.832139323534930161e-10
5.000000000000000000e+03 7.171972852388762858e-10 2.856262298143958393e-11 6.878211782549557581e-11 6.300730286009517993e-11 2.350038404173647213e-11 3.517267383710366983e-11 7.171972852388762858e-10 2.856262298143958393e-11 6.878211782549557581e-11 6.300730286009517993e-11 2.350038404173647213e-11 3.517267383710366983e-11
6.000000000000000000e+03 3.963542342192009315e-10 1.132220026706356282e-11 2.742797877152145321e-11 1.441945358178044064e-11 7.237066017658041926e-12 1.780141299399897338e-11 3.963542342192009315e-10 1.132220026706356282e-11 2.742797877152145321e-11 1.441945358178044064e-11 7.237066017658041926e-12 1.780141299399897338e-11
7.000000000000000000e+03 2.448238199380582818e-10 9.227640532236761597e-12 1.478866632489038214e-11 1.110148766875302787e-11 4.189766239400945944e-12 1.268694166547845626e-11 2.448238199380582818e-10 9.227640532236761597e-12 1.478866632489038214e-11 1.110148766875302787e-11 4.189766239400945944e-12 1.268694166547845626e-11
8.000000000000000000e+03 1.732913337773966866e-10 9.589207556735947298e-12 9.477345051499981950e-12 7.867130283393753449e-12 3.248680156821035872e-12 1.298924358619912939e-11 1.732913337773966866e-10 9.589207556735947298e-12 9.477345051499981950e-12 7.867130283393753449e-12 3.248680156821035872e-12 1.298924358619912939e-11
9.000000000000000000e+03 1.218491007476971590e-10 2.883042915683876204e-12 4.519083392631911423e-12 4.247125410864648657e-12 1.501229488378588760e-12 4.978225132240704385e-12 1.218491007476971590e-10 2.883042915683876204e-12 4.519083392631911423e-12 4.247125410864648657e-12 1.501229488378588760e-12 4.978225132240704385e-12
1.000000000000000000e+04 6.942546129161952308e-11 1.003077262262281134e-12 3.517824883518428769e-12 4.598188099078708138e-12 2.263434842956151725e-12 1.827270879283277172e-12 6.942546129161952308e-11 1.003077262262281134e-12 3.517824883518428769e-12 4.598188099078708138e-12 2.263434842956151725e-12 1.827270879283277172e-12
1.100000000000000000e+04 5.680616416615493382e-11 1.457719295528414456e-12 2.699201820166782361e-12 3.162019655202948777e-12 2.911614372756373615e-12 2.286902758173952286e-12 5.680616416615493382e-11 1.457719295528414456e-12 2.699201820166782361e-12 3.162019655202948777e-12 2.911614372756373615e-12 2.286902758173952286e-12
1.100100000000000000e+04 5.683614421068532992e-11 1.447520675291775098e-12 2.691068267072904408e-12 3.155961476494713607e-12 2.906904296006091821e-12 2.284485924259266792e-12 5.683614421068532992e-11 1.447520675291775098e-12 2.691068267072904408e-12 3.155961476494713607e-12 2.906904296006091821e-12 2.284485924259266792e-12
