# step, loss_train, loss_test, metrics_test
0.000000000000000000e+00 1.612072459641129640e+01 1.612072459641129640e+01
1.000000000000000000e+03 1.450228011695360752e+00 1.450228011695360752e+00
2.000000000000000000e+03 1.449102325881312492e+00 1.449102325881312492e+00
3.000000000000000000e+03 1.449101590001393935e+00 1.449101590001393935e+00
4.000000000000000000e+03 1.449100670665041335e+00 1.449100670665041335e+00
5.000000000000000000e+03 1.449099647456078666e+00 1.449099647456078666e+00
6.000000000000000000e+03 1.449098593902804266e+00 1.449098593902804266e+00
7.000000000000000000e+03 1.449097451698663885e+00 1.449097451698663885e+00
8.000000000000000000e+03 1.449094519280932580e+00 1.449094519280932580e+00
9.000000000000000000e+03 1.448957532570956053e+00 1.448957532570956053e+00
1.000000000000000000e+04 1.448901911187173486e+00 1.448901911187173486e+00
1.000000000000000000e+04 1.448901911187173486e+00 1.448901911187173486e+00
1.100000000000000000e+04 6.166291947687988807e-03 6.166291947687988807e-03
1.200000000000000000e+04 2.580738242974784345e-03 2.580738242974784345e-03
1.300000000000000000e+04 1.647022625679920140e-03 1.647022625679920140e-03
1.400000000000000000e+04 1.084621355861284690e-03 1.084621355861284690e-03
1.500000000000000000e+04 8.392841545071497329e-04 8.392841545071497329e-04
1.600000000000000000e+04 6.997161089355998734e-04 6.997161089355998734e-04
1.700000000000000000e+04 6.736565097940198400e-04 6.736565097940198400e-04
1.800000000000000000e+04 6.499552430443113682e-04 6.499552430443113682e-04
1.900000000000000000e+04 5.996563041005615246e-04 5.996563041005615246e-04
2.000000000000000000e+04 5.242043900660822014e-04 5.242043900660822014e-04
2.100000000000000000e+04 4.797854086777890805e-04 4.797854086777890805e-04
2.200000000000000000e+04 4.128824701730586847e-04 4.128824701730586847e-04
2.300000000000000000e+04 3.719673051979382767e-04 3.719673051979382767e-04
2.400000000000000000e+04 3.392606231782910081e-04 3.392606231782910081e-04
2.500000000000000000e+04 3.213487206049065836e-04 3.213487206049065836e-04
2.500100000000000000e+04 3.213395066637423953e-04 3.213395066637423953e-04
