# step, loss_train, loss_test, metrics_test
0.000000000000000000e+00 6.845529862640453711e-02 1.799327787833831238e-01 1.356483680053415519e-01 6.483998567634673138e-02 2.590955297237801935e-01 6.845529862640453711e-02 1.799327787833831238e-01 1.356483680053415519e-01 6.483998567634673138e-02 2.590955297237801935e-01
1.000000000000000000e+03 4.598345714954845103e-05 5.406612248610987576e-03 4.474924907535937808e-03 4.428710795958109951e-03 5.271410391551286864e-03 4.598345714954845103e-05 5.406612248610987576e-03 4.474924907535937808e-03 4.428710795958109951e-03 5.271410391551286864e-03
2.000000000000000000e+03 7.233844019564979915e-05 5.353229740005191820e-03 4.394167106082925468e-03 4.262092671526059029e-03 5.160152223569404624e-03 7.233844019564979915e-05 5.353229740005191820e-03 4.394167106082925468e-03 4.262092671526059029e-03 5.160152223569404624e-03
3.000000000000000000e+03 7.708095824658948644e-04 5.296968556847804835e-03 3.461389247118980272e-03 3.259278724705161768e-03 4.938346904845404041e-03 7.708095824658948644e-04 5.296968556847804835e-03 3.461389247118980272e-03 3.259278724705161768e-03 4.938346904845404041e-03
4.000000000000000000e+03 1.353848689629617678e-03 4.789821751495395956e-03 1.325823162275713328e-03 1.309562642454086033e-03 4.540555121649021524e-03 1.353848689629617678e-03 4.789821751495395956e-03 1.325823162275713328e-03 1.309562642454086033e-03 4.540555121649021524e-03
5.000000000000000000e+03 7.715795072930132538e-03 7.209676886159085279e-03 1.265663437922783310e-03 1.636315446571104696e-03 6.070283052918979197e-03 7.715795072930132538e-03 7.209676886159085279e-03 1.265663437922783310e-03 1.636315446571104696e-03 6.070283052918979197e-03
6.000000000000000000e+03 6.319803979943979400e-04 6.826744369443493851e-04 4.339391350012777827e-05 5.810341846474184428e-05 5.238822978416538293e-04 6.319803979943979400e-04 6.826744369443493851e-04 4.339391350012777827e-05 5.810341846474184428e-05 5.238822978416538293e-04
7.000000000000000000e+03 3.942310713970528075e-04 4.507256405006654907e-04 2.929703957614494727e-05 4.095014755384118114e-05 3.523876248661012575e-04 3.942310713970528075e-04 4.507256405006654907e-04 2.929703957614494727e-05 4.095014755384118114e-05 3.523876248661012575e-04
8.000000000000000000e+03 3.082153422948718927e-04 2.167980185001999955e-04 2.003802029873647395e-05 3.394012699618612002e-05 1.620546886705178193e-04 3.082153422948718927e-04 2.167980185001999955e-04 2.003802029873647395e-05 3.394012699618612002e-05 1.620546886705178193e-04
9.000000000000000000e+03 2.131918306058770728e-04 1.571995875844642494e-04 1.820671977664933911e-05 3.127109900913494888e-05 1.268417938918192688e-04 2.131918306058770728e-04 1.571995875844642494e-04 1.820671977664933911e-05 3.127109900913494888e-05 1.268417938918192688e-04
1.000000000000000000e+04 6.827710156382829285e-03 9.121601655284483374e-04 1.156866123572941070e-04 1.096310648025837985e-04 6.745291312020614688e-04 6.827710156382829285e-03 9.121601655284483374e-04 1.156866123572941070e-04 1.096310648025837985e-04 6.745291312020614688e-04
1.000000000000000000e+04 6.827710156382829285e-03 9.121601655284483374e-04 1.156866123572941070e-04 1.096310648025837985e-04 6.745291312020614688e-04 6.827710156382829285e-03 9.121601655284483374e-04 1.156866123572941070e-04 1.096310648025837985e-04 6.745291312020614688e-04
1.100000000000000000e+04 3.163146953735802920e-06 1.145033346564852743e-05 1.289133411827992747e-05 6.175324796995301549e-06 1.529023608724865911e-05 3.163146953735802920e-06 1.145033346564852743e-05 1.289133411827992747e-05 6.175324796995301549e-06 1.529023608724865911e-05
1.200000000000000000e+04 1.932694424933540671e-06 1.178703429879436579e-05 1.020655661405626013e-05 5.237943526274410712e-06 1.091853391392855758e-05 1.932694424933540671e-06 1.178703429879436579e-05 1.020655661405626013e-05 5.237943526274410712e-06 1.091853391392855758e-05
1.300000000000000000e+04 2.554890255353294691e-06 1.125592384066101960e-05 8.402313930275167472e-06 5.025586617981949045e-06 9.782180293680115471e-06 2.554890255353294691e-06 1.125592384066101960e-05 8.402313930275167472e-06 5.025586617981949045e-06 9.782180293680115471e-06
1.400000000000000000e+04 1.718856325114321321e-06 1.122815374378031718e-05 7.883737001582789451e-06 4.742138713901970678e-06 1.030654136943787448e-05 1.718856325114321321e-06 1.122815374378031718e-05 7.883737001582789451e-06 4.742138713901970678e-06 1.030654136943787448e-05
1.500000000000000000e+04 2.322194784003265425e-06 1.033897633713586880e-05 6.874577625782324548e-06 4.623952109234676331e-06 9.832858649225268989e-06 2.322194784003265425e-06 1.033897633713586880e-05 6.874577625782324548e-06 4.623952109234676331e-06 9.832858649225268989e-06
1.600000000000000000e+04 2.159092960550600728e-06 9.148751659380475822e-06 6.224577929400812141e-06 4.076828575990137129e-06 1.003286548256387666e-05 2.159092960550600728e-06 9.148751659380475822e-06 6.224577929400812141e-06 4.076828575990137129e-06 1.003286548256387666e-05
1.700000000000000000e+04 3.731964240169870230e-06 6.641993383673051880e-06 5.798403582660001202e-06 3.320894896350117210e-06 9.295176715304427756e-06 3.731964240169870230e-06 6.641993383673051880e-06 5.798403582660001202e-06 3.320894896350117210e-06 9.295176715304427756e-06
1.800000000000000000e+04 5.670987084126690451e-06 5.604338219571051515e-06 4.807478736062935474e-06 2.153202142341422807e-06 7.381727375828020312e-06 5.670987084126690451e-06 5.604338219571051515e-06 4.807478736062935474e-06 2.153202142341422807e-06 7.381727375828020312e-06
1.900000000000000000e+04 4.457146514476381519e-06 4.424994352766410483e-06 3.688958803351164526e-06 2.029193662235862330e-06 5.589135765371115226e-06 4.457146514476381519e-06 4.424994352766410483e-06 3.688958803351164526e-06 2.029193662235862330e-06 5.589135765371115226e-06
2.000000000000000000e+04 4.093793238049583528e-06 4.690575101030910590e-06 1.970118836949517715e-06 1.230055545916858615e-06 3.312202173790149147e-06 4.093793238049583528e-06 4.690575101030910590e-06 1.970118836949517715e-06 1.230055545916858615e-06 3.312202173790149147e-06
2.100000000000000000e+04 4.502728462853731508e-06 1.776317308418343156e-06 7.943115208147940577e-07 4.899165576844819115e-07 1.377863413697561620e-06 4.502728462853731508e-06 1.776317308418343156e-06 7.943115208147940577e-07 4.899165576844819115e-07 1.377863413697561620e-06
2.200000000000000000e+04 2.840495345503822509e-06 1.493085151501788853e-06 5.816547127679010286e-07 2.917792143840978272e-07 6.602849497832168363e-07 2.840495345503822509e-06 1.493085151501788853e-06 5.816547127679010286e-07 2.917792143840978272e-07 6.602849497832168363e-07
2.300000000000000000e+04 1.842911797920548509e-06 9.748511568201182988e-07 4.451256010405057444e-07 1.895695610881649779e-07 5.581038783116295491e-07 1.842911797920548509e-06 9.748511568201182988e-07 4.451256010405057444e-07 1.895695610881649779e-07 5.581038783116295491e-07
2.400000000000000000e+04 1.294530223408574707e-06 6.478811175967822285e-07 3.512694599930182728e-07 1.941438710745657429e-07 3.639068683312318651e-07 1.294530223408574707e-06 6.478811175967822285e-07 3.512694599930182728e-07 1.941438710745657429e-07 3.639068683312318651e-07
2.500000000000000000e+04 7.972505251941390720e-07 4.473631106160759766e-07 3.109341331620355528e-07 1.375285954823869312e-07 3.624293601791541963e-07 7.972505251941390720e-07 4.473631106160759766e-07 3.109341331620355528e-07 1.375285954823869312e-07 3.624293601791541963e-07
2.500100000000000000e+04 7.975035318047124134e-07 4.477516152114716794e-07 3.105771111076713025e-07 1.372655686162539249e-07 3.622600458472965536e-07 7.975035318047124134e-07 4.477516152114716794e-07 3.105771111076713025e-07 1.372655686162539249e-07 3.622600458472965536e-07
