# step, loss_train, loss_test, metrics_test
0.000000000000000000e+00 1.795214538166250550e-03 4.650870799937771860e-01 4.335820048451843769e-04 1.229664960505748989e-04 1.049912602590923841e-03 1.795214538166250550e-03 4.650870799937771860e-01 4.335820048451843769e-04 1.229664960505748989e-04 1.049912602590923841e-03
1.000000000000000000e+03 2.311498540647593386e-02 4.766619296937932293e-02 3.187527213211666533e-03 1.699602469589450368e-02 1.369272928079105951e-02 2.311498540647593386e-02 4.766619296937932293e-02 3.187527213211666533e-03 1.699602469589450368e-02 1.369272928079105951e-02
2.000000000000000000e+03 1.272246068813930216e-02 3.719091487862653811e-02 3.376937346488179722e-03 1.191372309056488998e-02 1.522581437735851320e-02 1.272246068813930216e-02 3.719091487862653811e-02 3.376937346488179722e-03 1.191372309056488998e-02 1.522581437735851320e-02
3.000000000000000000e+03 1.069309788384896313e-02 3.283007339380628054e-02 3.268923098245743539e-03 9.095629641394329182e-03 1.608172160832866543e-02 1.069309788384896313e-02 3.283007339380628054e-02 3.268923098245743539e-03 9.095629641394329182e-03 1.608172160832866543e-02
4.000000000000000000e+03 6.908566290070135979e-03 3.154223462379768250e-02 1.623400744141619305e-03 6.929850167993661936e-03 1.458092399763322514e-02 6.908566290070135979e-03 3.154223462379768250e-02 1.623400744141619305e-03 6.929850167993661936e-03 1.458092399763322514e-02
5.000000000000000000e+03 6.854098800903190430e-03 2.350601019536459335e-02 2.476493674845060226e-03 5.869412293211745749e-03 1.294693264666470049e-02 6.854098800903190430e-03 2.350601019536459335e-02 2.476493674845060226e-03 5.869412293211745749e-03 1.294693264666470049e-02
6.000000000000000000e+03 5.833423551975477385e-03 2.241720980373109948e-02 1.258301633983028483e-03 4.523502136366930326e-03 1.208485588681745826e-02 5.833423551975477385e-03 2.241720980373109948e-02 1.258301633983028483e-03 4.523502136366930326e-03 1.208485588681745826e-02
7.000000000000000000e+03 5.349864647180149931e-03 2.271695088381783106e-02 4.772376537069214237e-04 3.682340457478726001e-03 1.115022520812029155e-02 5.349864647180149931e-03 2.271695088381783106e-02 4.772376537069214237e-04 3.682340457478726001e-03 1.115022520812029155e-02
8.000000000000000000e+03 5.820471254772961213e-03 1.808630800169222161e-02 1.050311904453805423e-03 3.031640583648151886e-03 1.018010521328705821e-02 5.820471254772961213e-03 1.808630800169222161e-02 1.050311904453805423e-03 3.031640583648151886e-03 1.018010521328705821e-02
9.000000000000000000e+03 6.418991133821286277e-03 1.601903136428169810e-02 9.392174468695384465e-04 3.043112750926870325e-03 9.820315796074534018e-03 6.418991133821286277e-03 1.601903136428169810e-02 9.392174468695384465e-04 3.043112750926870325e-03 9.820315796074534018e-03
1.000000000000000000e+04 6.389807607912309853e-03 1.510777191173462604e-02 1.246517864158549127e-03 2.787859036452598922e-03 8.844758565686736476e-03 6.389807607912309853e-03 1.510777191173462604e-02 1.246517864158549127e-03 2.787859036452598922e-03 8.844758565686736476e-03
1.000000000000000000e+04 6.389807607912309853e-03 1.510777191173462604e-02 1.246517864158549127e-03 2.787859036452598922e-03 8.844758565686736476e-03 6.389807607912309853e-03 1.510777191173462604e-02 1.246517864158549127e-03 2.787859036452598922e-03 8.844758565686736476e-03
1.100000000000000000e+04 3.438655203176755465e-03 2.601096308317470737e-03 3.220681721641906799e-04 1.094028097317404280e-03 1.027916529147313886e-03 3.438655203176755465e-03 2.601096308317470737e-03 3.220681721641906799e-04 1.094028097317404280e-03 1.027916529147313886e-03
1.200000000000000000e+04 1.862438924900822277e-03 8.043522658420817865e-04 1.850277178548451697e-05 2.732590786524930274e-04 3.128864648007171332e-04 1.862438924900822277e-03 8.043522658420817865e-04 1.850277178548451697e-05 2.732590786524930274e-04 3.128864648007171332e-04
1.300000000000000000e+04 5.220196649717109188e-04 2.122837624279911434e-04 5.189984970428591487e-05 7.763446875109662271e-05 1.136715584269360976e-04 5.220196649717109188e-04 2.122837624279911434e-04 5.189984970428591487e-05 7.763446875109662271e-05 1.136715584269360976e-04
1.400000000000000000e+04 5.045667896723174655e-04 9.364021732665220310e-05 4.152020575911921776e-05 3.594744774222327502e-05 6.126709249669463799e-05 5.045667896723174655e-04 9.364021732665220310e-05 4.152020575911921776e-05 3.594744774222327502e-05 6.126709249669463799e-05
1.500000000000000000e+04 2.624323229790094200e-04 3.220996616199467704e-05 1.452046831664068723e-05 3.720681793032261592e-05 2.654197523067786552e-05 2.624323229790094200e-04 3.220996616199467704e-05 1.452046831664068723e-05 3.720681793032261592e-05 2.654197523067786552e-05
1.600000000000000000e+04 1.551728880853462810e-04 2.874890417312085544e-05 3.808382615834970321e-06 2.854827008610043187e-05 9.680840245296780763e-06 1.551728880853462810e-04 2.874890417312085544e-05 3.808382615834970321e-06 2.854827008610043187e-05 9.680840245296780763e-06
1.700000000000000000e+04 9.065286692822144255e-05 2.740461000413840225e-05 3.826971834126564568e-06 2.344468352504136446e-05 1.836623612603744435e-05 9.065286692822144255e-05 2.740461000413840225e-05 3.826971834126564568e-06 2.344468352504136446e-05 1.836623612603744435e-05
1.800000000000000000e+04 6.927806827249212115e-05 2.428724332994746575e-05 3.833510256924965646e-06 1.996547096859282251e-05 1.552024506860235104e-05 6.927806827249212115e-05 2.428724332994746575e-05 3.833510256924965646e-06 1.996547096859282251e-05 1.552024506860235104e-05
1.900000000000000000e+04 7.057152825935203227e-05 2.198900948250417028e-05 4.022837399791212289e-06 1.689222197700619035e-05 1.678165880280340147e-05 7.057152825935203227e-05 2.198900948250417028e-05 4.022837399791212289e-06 1.689222197700619035e-05 1.678165880280340147e-05
2.000000000000000000e+04 5.684818386924708674e-05 2.428120154902894834e-05 3.562437243318874103e-06 1.760230428259550745e-05 1.793647010208077676e-05 5.684818386924708674e-05 2.428120154902894834e-05 3.562437243318874103e-06 1.760230428259550745e-05 1.793647010208077676e-05
2.100000000000000000e+04 5.192797927625088234e-05 2.665887941496102994e-05 3.042154848468316440e-06 1.793004999707088168e-05 1.787560229679231236e-05 5.192797927625088234e-05 2.665887941496102994e-05 3.042154848468316440e-06 1.793004999707088168e-05 1.787560229679231236e-05
2.200000000000000000e+04 4.699568554946550271e-05 2.251724854653957934e-05 3.606501073848785970e-06 1.710769836150397867e-05 2.056632965394161161e-05 4.699568554946550271e-05 2.251724854653957934e-05 3.606501073848785970e-06 1.710769836150397867e-05 2.056632965394161161e-05
2.300000000000000000e+04 4.126669783561675333e-05 1.646034876309838261e-05 5.448346113944331498e-06 1.262621676055309234e-05 1.958387344247126524e-05 4.126669783561675333e-05 1.646034876309838261e-05 5.448346113944331498e-06 1.262621676055309234e-05 1.958387344247126524e-05
2.400000000000000000e+04 4.100849400785181489e-05 1.505747776316469471e-05 7.712875701948402606e-06 9.782297263893985093e-06 1.712824139770639573e-05 4.100849400785181489e-05 1.505747776316469471e-05 7.712875701948402606e-06 9.782297263893985093e-06 1.712824139770639573e-05
2.500000000000000000e+04 3.933152419885294456e-05 1.296210736437831539e-05 9.611091591722584185e-06 8.616848375412920156e-06 1.729071281659552960e-05 3.933152419885294456e-05 1.296210736437831539e-05 9.611091591722584185e-06 8.616848375412920156e-06 1.729071281659552960e-05
2.500100000000000000e+04 3.932809500968054313e-05 1.293186971579571477e-05 9.638447193896582999e-06 8.622660401195778404e-06 1.728845949923130213e-05 3.932809500968054313e-05 1.293186971579571477e-05 9.638447193896582999e-06 8.622660401195778404e-06 1.728845949923130213e-05
