# step, loss_train, loss_test, metrics_test
0.000000000000000000e+00 1.788414363827420944e-02 4.147167060899893398e-01 4.739151188940508462e-05 3.317602826038009919e-03 1.826003362038019877e-03 1.788414363827420944e-02 4.147167060899893398e-01 4.739151188940508462e-05 3.317602826038009919e-03 1.826003362038019877e-03
1.000000000000000000e+03 3.041331790975774010e-02 3.557352783810121145e-03 2.251893646209017757e-03 3.728024908806755033e-04 2.056966547638728986e-03 3.041331790975774010e-02 3.557352783810121145e-03 2.251893646209017757e-03 3.728024908806755033e-04 2.056966547638728986e-03
2.000000000000000000e+03 3.028311434571419325e-03 2.461307407647681921e-03 4.437627126543744211e-04 5.811260191780335703e-04 1.435520964661119673e-03 3.028311434571419325e-03 2.461307407647681921e-03 4.437627126543744211e-04 5.811260191780335703e-04 1.435520964661119673e-03
3.000000000000000000e+03 6.227259786560095448e-03 6.063913741770696067e-04 3.394415358894184030e-04 2.328038207999506446e-04 5.732784877301685175e-04 6.227259786560095448e-03 6.063913741770696067e-04 3.394415358894184030e-04 2.328038207999506446e-04 5.732784877301685175e-04
4.000000000000000000e+03 9.635163853308925663e-03 2.077427317243743174e-03 6.477618018987497213e-04 3.224810573188204439e-05 2.100370424306504053e-04 9.635163853308925663e-03 2.077427317243743174e-03 6.477618018987497213e-04 3.224810573188204439e-05 2.100370424306504053e-04
5.000000000000000000e+03 4.542077280907528408e-03 1.671265910553838612e-04 1.591180810259215986e-04 4.070072100267865182e-04 4.301325050942442153e-04 4.542077280907528408e-03 1.671265910553838612e-04 1.591180810259215986e-04 4.070072100267865182e-04 4.301325050942442153e-04
6.000000000000000000e+03 8.718687923809594932e-04 6.828942737692235432e-05 1.528534139740486122e-04 1.974554735360693780e-04 3.617328191327910279e-04 8.718687923809594932e-04 6.828942737692235432e-05 1.528534139740486122e-04 1.974554735360693780e-04 3.617328191327910279e-04
7.000000000000000000e+03 6.389849600111329082e-03 4.266556976406856751e-03 2.154132598815563984e-04 3.040771739581012698e-04 5.684459932819940862e-04 6.389849600111329082e-03 4.266556976406856751e-03 2.154132598815563984e-04 3.040771739581012698e-04 5.684459932819940862e-04
8.000000000000000000e+03 1.801751494230367009e-03 1.231482106011359844e-04 1.553942656488238171e-04 4.512746640423651110e-05 1.921806849634846606e-04 1.801751494230367009e-03 1.231482106011359844e-04 1.553942656488238171e-04 4.512746640423651110e-05 1.921806849634846606e-04
9.000000000000000000e+03 2.790665444375958672e-03 6.912791557006928102e-05 1.446089863679220818e-04 3.909962380536524554e-05 1.360031271119933134e-04 2.790665444375958672e-03 6.912791557006928102e-05 1.446089863679220818e-04 3.909962380536524554e-05 1.360031271119933134e-04
1.000000000000000000e+04 2.337107408656021942e-03 1.648985947416675008e-04 1.451059272154954104e-04 3.649022905243366136e-05 1.603573419798537468e-04 2.337107408656021942e-03 1.648985947416675008e-04 1.451059272154954104e-04 3.649022905243366136e-05 1.603573419798537468e-04
1.000000000000000000e+04 2.337107408656021942e-03 1.648985947416675008e-04 1.451059272154954104e-04 3.649022905243366136e-05 1.603573419798537468e-04 2.337107408656021942e-03 1.648985947416675008e-04 1.451059272154954104e-04 3.649022905243366136e-05 1.603573419798537468e-04
1.100000000000000000e+04 1.678949577588776291e-06 6.287909526770672301e-07 7.013514736707984808e-06 2.804043320057482813e-06 2.512186516599262323e-06 1.678949577588776291e-06 6.287909526770672301e-07 7.013514736707984808e-06 2.804043320057482813e-06 2.512186516599262323e-06
1.200000000000000000e+04 1.788109941810592147e-06 1.098551027227542557e-06 3.230008712977656693e-06 2.267533006217726406e-06 1.484850266389178787e-06 1.788109941810592147e-06 1.098551027227542557e-06 3.230008712977656693e-06 2.267533006217726406e-06 1.484850266389178787e-06
1.300000000000000000e+04 1.031303069204735479e-06 7.445603623959795725e-07 2.607236553351193977e-06 1.511607447587791179e-06 1.449168816325670608e-06 1.031303069204735479e-06 7.445603623959795725e-07 2.607236553351193977e-06 1.511607447587791179e-06 1.449168816325670608e-06
1.400000000000000000e+04 9.535574328673162352e-07 5.813552961450956803e-07 2.079374575602245657e-06 1.003019612145862633e-06 1.453865004748421865e-06 9.535574328673162352e-07 5.813552961450956803e-07 2.079374575602245657e-06 1.003019612145862633e-06 1.453865004748421865e-06
1.500000000000000000e+04 1.421616917448586035e-06 4.502443399879398464e-07 1.785425225475792393e-06 6.776078261214722465e-07 1.314134543469322418e-06 1.421616917448586035e-06 4.502443399879398464e-07 1.785425225475792393e-06 6.776078261214722465e-07 1.314134543469322418e-06
1.600000000000000000e+04 7.083714996465472575e-07 3.485883487340861490e-07 1.823250156171009395e-06 8.611405822377637768e-07 1.012842443268957502e-06 7.083714996465472575e-07 3.485883487340861490e-07 1.823250156171009395e-06 8.611405822377637768e-07 1.012842443268957502e-06
1.700000000000000000e+04 9.962027669340433100e-07 2.747113095482009277e-07 1.320568689072450892e-06 4.562488859449653129e-07 7.946757013575223787e-07 9.962027669340433100e-07 2.747113095482009277e-07 1.320568689072450892e-06 4.562488859449653129e-07 7.946757013575223787e-07
1.800000000000000000e+04 1.688460584165921440e-06 3.169640563641451251e-07 5.583142764944025710e-07 4.503835615784832032e-07 2.674520937122653978e-07 1.688460584165921440e-06 3.169640563641451251e-07 5.583142764944025710e-07 4.503835615784832032e-07 2.674520937122653978e-07
1.900000000000000000e+04 1.329575280062955991e-06 3.502139634406974649e-07 5.107360582723228662e-07 2.966118777981210693e-07 3.076063032782493925e-07 1.329575280062955991e-06 3.502139634406974649e-07 5.107360582723228662e-07 2.966118777981210693e-07 3.076063032782493925e-07
2.000000000000000000e+04 1.308512868985488036e-06 3.566784482089023824e-07 3.758144198265363553e-07 2.745511581959083432e-07 2.245222497650789167e-07 1.308512868985488036e-06 3.566784482089023824e-07 3.758144198265363553e-07 2.745511581959083432e-07 2.245222497650789167e-07
2.100000000000000000e+04 1.384127627630974074e-06 2.921648871377462810e-07 3.462343257998974858e-07 2.562469611647050494e-07 1.809208925985481704e-07 1.384127627630974074e-06 2.921648871377462810e-07 3.462343257998974858e-07 2.562469611647050494e-07 1.809208925985481704e-07
2.200000000000000000e+04 9.912888083988165644e-07 1.626991422082389792e-07 4.545659941542529055e-07 3.115247235471259037e-07 1.055623934861575367e-07 9.912888083988165644e-07 1.626991422082389792e-07 4.545659941542529055e-07 3.115247235471259037e-07 1.055623934861575367e-07
2.300000000000000000e+04 8.120552340323221980e-07 1.831367080613984341e-07 3.753594481198905821e-07 3.613477586107404638e-07 1.213805741141830158e-07 8.120552340323221980e-07 1.831367080613984341e-07 3.753594481198905821e-07 3.613477586107404638e-07 1.213805741141830158e-07
2.400000000000000000e+04 7.495481530198351379e-07 2.146251068480313793e-07 3.776819921710409966e-07 3.367776864205939972e-07 1.097086289929235798e-07 7.495481530198351379e-07 2.146251068480313793e-07 3.776819921710409966e-07 3.367776864205939972e-07 1.097086289929235798e-07
2.500000000000000000e+04 6.587363460238933844e-07 1.692988527167915783e-07 4.271591901081458791e-07 3.822134123086418868e-07 9.348166480803924456e-08 6.587363460238933844e-07 1.692988527167915783e-07 4.271591901081458791e-07 3.822134123086418868e-07 9.348166480803924456e-08
2.500100000000000000e+04 6.600671042782922882e-07 1.696684233331384885e-07 4.291371476056877077e-07 3.783666521892343577e-07 9.350445558839115639e-08 6.600671042782922882e-07 1.696684233331384885e-07 4.291371476056877077e-07 3.783666521892343577e-07 9.350445558839115639e-08
