# step, loss_train, loss_test, metrics_test
0.000000000000000000e+00 1.788414363827420944e-02 1.474048316902350393e-02 3.634615489100404689e-02 1.856121578846834166e-02 2.240449837329099025e-02 1.788414363827420944e-02 1.474048316902350393e-02 3.634615489100404689e-02 1.856121578846834166e-02 2.240449837329099025e-02
1.000000000000000000e+03 6.146118310817175927e-06 5.487646776978728422e-03 4.541429458147593252e-03 4.478138513063434183e-03 5.485847366641224618e-03 6.146118310817175927e-06 5.487646776978728422e-03 4.541429458147593252e-03 4.478138513063434183e-03 5.485847366641224618e-03
2.000000000000000000e+03 5.948054849849882398e-05 5.330696287670571611e-03 4.466946561417685195e-03 4.429327021075694405e-03 5.320156174534745527e-03 5.948054849849882398e-05 5.330696287670571611e-03 4.466946561417685195e-03 4.429327021075694405e-03 5.320156174534745527e-03
3.000000000000000000e+03 3.185546701214543255e-05 5.324213882341522278e-03 4.478384686589978632e-03 4.462972107698463808e-03 5.388324509396837970e-03 3.185546701214543255e-05 5.324213882341522278e-03 4.478384686589978632e-03 4.462972107698463808e-03 5.388324509396837970e-03
4.000000000000000000e+03 6.727962984319363631e-05 5.313891800006951584e-03 4.474323244989308022e-03 4.442829600496573175e-03 5.317983226819483419e-03 6.727962984319363631e-05 5.313891800006951584e-03 4.474323244989308022e-03 4.442829600496573175e-03 5.317983226819483419e-03
5.000000000000000000e+03 8.817297307542181644e-05 5.284807306011884975e-03 4.521062335268983753e-03 4.442236689305296450e-03 5.248133257162432286e-03 8.817297307542181644e-05 5.284807306011884975e-03 4.521062335268983753e-03 4.442236689305296450e-03 5.248133257162432286e-03
6.000000000000000000e+03 1.022610951520471576e-07 5.630459674847373280e-03 4.635436392032772288e-03 4.522538459773581612e-03 5.630896133244456953e-03 1.022610951520471576e-07 5.630459674847373280e-03 4.635436392032772288e-03 4.522538459773581612e-03 5.630896133244456953e-03
7.000000000000000000e+03 3.055445041187135303e-05 5.379122496593374131e-03 4.494803188322713666e-03 4.457120316336792877e-03 5.390541611462591060e-03 3.055445041187135303e-05 5.379122496593374131e-03 4.494803188322713666e-03 4.457120316336792877e-03 5.390541611462591060e-03
8.000000000000000000e+03 8.571469150529514299e-06 5.405135890036007716e-03 4.525192059705526910e-03 4.465797733491676767e-03 5.402781176857782489e-03 8.571469150529514299e-06 5.405135890036007716e-03 4.525192059705526910e-03 4.465797733491676767e-03 5.402781176857782489e-03
9.000000000000000000e+03 5.473968190322061024e-06 5.399709937574457240e-03 4.517952950000101581e-03 4.464672155196447098e-03 5.403405343748923437e-03 5.473968190322061024e-06 5.399709937574457240e-03 4.517952950000101581e-03 4.464672155196447098e-03 5.403405343748923437e-03
1.000000000000000000e+04 1.125328137825839916e-06 5.414598798797449694e-03 4.530189838603697339e-03 4.466151887505674656e-03 5.422088897547156644e-03 1.125328137825839916e-06 5.414598798797449694e-03 4.530189838603697339e-03 4.466151887505674656e-03 5.422088897547156644e-03
1.000000000000000000e+04 1.125328137825839916e-06 5.414598798797449694e-03 4.530189838603697339e-03 4.466151887505674656e-03 5.422088897547156644e-03 1.125328137825839916e-06 5.414598798797449694e-03 4.530189838603697339e-03 4.466151887505674656e-03 5.422088897547156644e-03
1.100000000000000000e+04 4.079346120089471540e-03 1.034130337662036211e-03 9.723932997971760153e-04 7.291301881517081151e-04 1.088379521865233531e-03 4.079346120089471540e-03 1.034130337662036211e-03 9.723932997971760153e-04 7.291301881517081151e-04 1.088379521865233531e-03
1.200000000000000000e+04 2.904009288144512087e-03 1.624447795690282868e-04 2.527229075779335800e-04 2.194921943859294501e-04 1.761039824639384010e-04 2.904009288144512087e-03 1.624447795690282868e-04 2.527229075779335800e-04 2.194921943859294501e-04 1.761039824639384010e-04
1.300000000000000000e+04 2.103150301889814174e-03 6.138496093008827487e-05 1.449713242802568947e-04 8.867805892272357326e-05 8.380267312223229151e-05 2.103150301889814174e-03 6.138496093008827487e-05 1.449713242802568947e-04 8.867805892272357326e-05 8.380267312223229151e-05
1.400000000000000000e+04 1.114331488072006727e-03 8.477693522851868150e-05 9.557348822778295109e-05 4.447724271443211102e-05 7.481853843819182015e-05 1.114331488072006727e-03 8.477693522851868150e-05 9.557348822778295109e-05 4.447724271443211102e-05 7.481853843819182015e-05
1.500000000000000000e+04 4.409101073578259493e-04 2.474064810600492946e-05 1.579599727489901123e-05 1.282073568100746243e-05 1.762449110020050699e-05 4.409101073578259493e-04 2.474064810600492946e-05 1.579599727489901123e-05 1.282073568100746243e-05 1.762449110020050699e-05
1.600000000000000000e+04 2.337539546431954233e-04 3.618567672335796734e-05 9.983369384054481056e-06 1.917772300570043411e-05 1.936037825481076158e-05 2.337539546431954233e-04 3.618567672335796734e-05 9.983369384054481056e-06 1.917772300570043411e-05 1.936037825481076158e-05
1.700000000000000000e+04 8.409299877110624599e-05 3.321801147626331202e-05 1.859136470080907132e-05 2.520219199823200387e-05 2.989390275224206679e-05 8.409299877110624599e-05 3.321801147626331202e-05 1.859136470080907132e-05 2.520219199823200387e-05 2.989390275224206679e-05
1.800000000000000000e+04 4.893411778773344061e-05 3.696297250669902071e-05 2.514847499619911225e-05 2.824290526922507591e-05 3.840661351594224372e-05 4.893411778773344061e-05 3.696297250669902071e-05 2.514847499619911225e-05 2.824290526922507591e-05 3.840661351594224372e-05
1.900000000000000000e+04 3.154737101956161220e-05 2.129616614989666425e-05 1.554849729218448653e-05 1.982136601618258477e-05 2.338969968145646931e-05 3.154737101956161220e-05 2.129616614989666425e-05 1.554849729218448653e-05 1.982136601618258477e-05 2.338969968145646931e-05
2.000000000000000000e+04 2.315768940888641227e-05 2.013235207629739321e-05 1.271891383334985340e-05 1.912435246602509119e-05 1.536129225513210682e-05 2.315768940888641227e-05 2.013235207629739321e-05 1.271891383334985340e-05 1.912435246602509119e-05 1.536129225513210682e-05
2.100000000000000000e+04 2.486622348753824815e-05 2.086146322780160889e-05 1.297066188072734969e-05 2.147675666559652186e-05 1.311169504870662708e-05 2.486622348753824815e-05 2.086146322780160889e-05 1.297066188072734969e-05 2.147675666559652186e-05 1.311169504870662708e-05
2.200000000000000000e+04 1.533612177994275521e-05 1.231346356825857196e-05 7.719835566166831427e-06 1.023433478207181290e-05 1.381088158377983357e-05 1.533612177994275521e-05 1.231346356825857196e-05 7.719835566166831427e-06 1.023433478207181290e-05 1.381088158377983357e-05
2.300000000000000000e+04 1.355582934399787693e-05 1.214497037035345633e-05 7.410751112784004332e-06 9.943572152090428138e-06 1.383225183099008121e-05 1.355582934399787693e-05 1.214497037035345633e-05 7.410751112784004332e-06 9.943572152090428138e-06 1.383225183099008121e-05
2.400000000000000000e+04 7.687211619057297300e-06 1.228291361160455038e-05 7.478665530021676602e-06 9.662009675551924589e-06 1.436209652550093114e-05 7.687211619057297300e-06 1.228291361160455038e-05 7.478665530021676602e-06 9.662009675551924589e-06 1.436209652550093114e-05
2.500000000000000000e+04 3.572799086845901083e-06 1.214133414291490875e-05 7.212776460116309854e-06 9.506402717493318507e-06 1.449024788247920850e-05 3.572799086845901083e-06 1.214133414291490875e-05 7.212776460116309854e-06 9.506402717493318507e-06 1.449024788247920850e-05
2.500100000000000000e+04 3.569086594909980332e-06 1.214645782724354918e-05 7.208447641310223074e-06 9.504613196067409879e-06 1.448782439577194442e-05 3.569086594909980332e-06 1.214645782724354918e-05 7.208447641310223074e-06 9.504613196067409879e-06 1.448782439577194442e-05
