# step, loss_train, loss_test, metrics_test
0.000000000000000000e+00 6.845529862640453711e-02 8.789571188138796121e-01 4.040212894777065605e-02 5.940704826749031858e-03 1.128999619754280925e-01 6.845529862640453711e-02 8.789571188138796121e-01 4.040212894777065605e-02 5.940704826749031858e-03 1.128999619754280925e-01
1.000000000000000000e+03 1.557197225983560605e-02 3.914308283534981281e-02 3.594503163127991344e-03 1.291141284330259154e-02 1.168201445660745248e-02 1.557197225983560605e-02 3.914308283534981281e-02 3.594503163127991344e-03 1.291141284330259154e-02 1.168201445660745248e-02
2.000000000000000000e+03 5.441329267244624825e-03 2.650962384177569381e-02 1.386226457447785982e-03 5.859410040917919886e-03 1.478196343497688650e-02 5.441329267244624825e-03 2.650962384177569381e-02 1.386226457447785982e-03 5.859410040917919886e-03 1.478196343497688650e-02
3.000000000000000000e+03 4.044726701607668888e-03 1.571440251117732501e-02 1.311415659013128810e-03 2.596289426452785733e-03 9.204188787887552375e-03 4.044726701607668888e-03 1.571440251117732501e-02 1.311415659013128810e-03 2.596289426452785733e-03 9.204188787887552375e-03
4.000000000000000000e+03 3.758835109791669547e-03 1.146833754242315012e-02 8.865775068309919354e-04 2.180185477180790390e-03 6.477047365284014507e-03 3.758835109791669547e-03 1.146833754242315012e-02 8.865775068309919354e-04 2.180185477180790390e-03 6.477047365284014507e-03
5.000000000000000000e+03 2.594404586993682635e-03 8.294723095458107071e-03 7.479997444374382942e-04 1.936075786164793413e-03 4.545363641442972703e-03 2.594404586993682635e-03 8.294723095458107071e-03 7.479997444374382942e-04 1.936075786164793413e-03 4.545363641442972703e-03
6.000000000000000000e+03 1.816419051805510509e-03 6.999131663697697944e-03 5.216968944202179980e-04 1.536782459547700883e-03 2.803077741841223172e-03 1.816419051805510509e-03 6.999131663697697944e-03 5.216968944202179980e-04 1.536782459547700883e-03 2.803077741841223172e-03
7.000000000000000000e+03 1.251541165745790251e-03 3.470905687420480171e-03 3.724541650779077053e-04 1.083838147350028392e-03 1.699857310896709999e-03 1.251541165745790251e-03 3.470905687420480171e-03 3.724541650779077053e-04 1.083838147350028392e-03 1.699857310896709999e-03
8.000000000000000000e+03 7.770006904977273766e-04 2.080089607443878861e-03 2.303109840895977702e-04 6.481084570430119393e-04 1.000682478549423746e-03 7.770006904977273766e-04 2.080089607443878861e-03 2.303109840895977702e-04 6.481084570430119393e-04 1.000682478549423746e-03
9.000000000000000000e+03 6.855112808186864231e-04 1.111743684708269356e-03 1.262345584658666753e-04 4.532917769718355374e-04 5.313317301082554414e-04 6.855112808186864231e-04 1.111743684708269356e-03 1.262345584658666753e-04 4.532917769718355374e-04 5.313317301082554414e-04
1.000000000000000000e+04 1.759969864663158898e-03 1.904188885766681808e-03 8.431376217158000324e-05 3.366587292918293340e-04 5.928861448344358281e-04 1.759969864663158898e-03 1.904188885766681808e-03 8.431376217158000324e-05 3.366587292918293340e-04 5.928861448344358281e-04
1.000000000000000000e+04 1.759969864663158898e-03 1.904188885766681808e-03 8.431376217158000324e-05 3.366587292918293340e-04 5.928861448344358281e-04 1.759969864663158898e-03 1.904188885766681808e-03 8.431376217158000324e-05 3.366587292918293340e-04 5.928861448344358281e-04
1.100000000000000000e+04 2.048709818474909401e-05 4.909439395588623341e-06 1.077392014801988676e-05 5.875003572759215443e-06 5.248628412753006539e-06 2.048709818474909401e-05 4.909439395588623341e-06 1.077392014801988676e-05 5.875003572759215443e-06 5.248628412753006539e-06
1.200000000000000000e+04 5.904239270371949624e-06 3.073796553840935368e-06 5.374729738792370161e-06 1.641142661502423424e-06 5.364050426912709741e-06 5.904239270371949624e-06 3.073796553840935368e-06 5.374729738792370161e-06 1.641142661502423424e-06 5.364050426912709741e-06
1.300000000000000000e+04 4.600904601177220818e-06 1.546109068363645405e-06 4.526719757233614007e-06 1.941137589140262110e-06 2.386071199333035712e-06 4.600904601177220818e-06 1.546109068363645405e-06 4.526719757233614007e-06 1.941137589140262110e-06 2.386071199333035712e-06
1.400000000000000000e+04 4.252040825807165097e-06 8.442638072862806290e-07 4.059273354575622358e-06 1.311150240866430804e-06 1.958976027521963907e-06 4.252040825807165097e-06 8.442638072862806290e-07 4.059273354575622358e-06 1.311150240866430804e-06 1.958976027521963907e-06
1.500000000000000000e+04 3.669231876488142934e-06 8.048990661730917265e-07 3.026011179760106103e-06 1.075037240987933771e-06 1.809794189935923559e-06 3.669231876488142934e-06 8.048990661730917265e-07 3.026011179760106103e-06 1.075037240987933771e-06 1.809794189935923559e-06
1.600000000000000000e+04 3.158518244302927383e-06 1.031824131625977241e-06 1.802971477057863483e-06 3.435045981838557295e-07 2.336455027526746085e-06 3.158518244302927383e-06 1.031824131625977241e-06 1.802971477057863483e-06 3.435045981838557295e-07 2.336455027526746085e-06
1.700000000000000000e+04 2.395641351992199737e-06 8.775924558481437488e-07 1.203719265389678899e-06 3.668475267166339769e-07 1.184465072369535893e-06 2.395641351992199737e-06 8.775924558481437488e-07 1.203719265389678899e-06 3.668475267166339769e-07 1.184465072369535893e-06
1.800000000000000000e+04 2.706909967211119279e-06 2.301845609746029762e-07 8.592503247027365225e-07 5.499670097287350521e-08 6.978815774890982140e-07 2.706909967211119279e-06 2.301845609746029762e-07 8.592503247027365225e-07 5.499670097287350521e-08 6.978815774890982140e-07
1.900000000000000000e+04 1.358402873717777765e-06 2.882027962155736217e-07 3.741315631203939091e-07 1.103003117471394979e-07 4.431294606990193112e-07 1.358402873717777765e-06 2.882027962155736217e-07 3.741315631203939091e-07 1.103003117471394979e-07 4.431294606990193112e-07
2.000000000000000000e+04 7.594910675417476479e-07 1.202555408143902700e-07 4.081054419332533298e-07 1.607519448144612658e-07 2.722681442398416997e-07 7.594910675417476479e-07 1.202555408143902700e-07 4.081054419332533298e-07 1.607519448144612658e-07 2.722681442398416997e-07
2.100000000000000000e+04 7.146026094056593723e-07 8.090624543164683717e-08 3.703916822667651223e-07 1.718911733457898776e-07 1.967678309320284659e-07 7.146026094056593723e-07 8.090624543164683717e-08 3.703916822667651223e-07 1.718911733457898776e-07 1.967678309320284659e-07
2.200000000000000000e+04 5.626446977049268180e-07 5.519341995351401610e-08 3.605896755787440629e-07 1.034936408537944452e-07 2.086289273856225835e-07 5.626446977049268180e-07 5.519341995351401610e-08 3.605896755787440629e-07 1.034936408537944452e-07 2.086289273856225835e-07
2.300000000000000000e+04 5.329198507394151038e-07 5.009349641748294867e-08 2.911559704939625234e-07 8.504100299088044418e-08 1.113933110602674929e-07 5.329198507394151038e-07 5.009349641748294867e-08 2.911559704939625234e-07 8.504100299088044418e-08 1.113933110602674929e-07
2.400000000000000000e+04 4.538693338429689787e-07 5.993731276651268122e-08 1.095701379404346368e-07 5.625872594050680103e-08 1.254726026167739361e-07 4.538693338429689787e-07 5.993731276651268122e-08 1.095701379404346368e-07 5.625872594050680103e-08 1.254726026167739361e-07
2.500000000000000000e+04 3.665510124523429917e-07 2.733409021359567695e-08 9.550798826391686486e-08 4.347721278190713916e-08 5.508971203843233971e-08 3.665510124523429917e-07 2.733409021359567695e-08 9.550798826391686486e-08 4.347721278190713916e-08 5.508971203843233971e-08
2.500100000000000000e+04 3.666224827050381840e-07 2.734404770761134892e-08 9.522996984000821826e-08 4.356968610781544056e-08 5.516066746101310330e-08 3.666224827050381840e-07 2.734404770761134892e-08 9.522996984000821826e-08 4.356968610781544056e-08 5.516066746101310330e-08
