# step, loss_train, loss_test, metrics_test
0.000000000000000000e+00 1.638689490812230787e+01 1.638689490812230787e+01
1.000000000000000000e+03 5.206028544055226526e+00 5.206028544055226526e+00
2.000000000000000000e+03 5.200854413296981171e+00 5.200854413296981171e+00
3.000000000000000000e+03 5.291669584551426248e-02 5.291669584551426248e-02
4.000000000000000000e+03 7.889491206646124036e-03 7.889491206646124036e-03
5.000000000000000000e+03 6.780480095291561288e-03 6.780480095291561288e-03
6.000000000000000000e+03 2.059674121503437573e-03 2.059674121503437573e-03
7.000000000000000000e+03 1.105726263260660251e-03 1.105726263260660251e-03
8.000000000000000000e+03 6.133613701066069129e-04 6.133613701066069129e-04
9.000000000000000000e+03 3.597337170121906618e-04 3.597337170121906618e-04
1.000000000000000000e+04 2.785060539123287906e-04 2.785060539123287906e-04
1.000000000000000000e+04 2.785060539123287906e-04 2.785060539123287906e-04
1.100000000000000000e+04 1.359859199601481704e-06 1.359859199601481704e-06
1.200000000000000000e+04 2.800617232414109390e-07 2.800617232414109390e-07
1.300000000000000000e+04 1.992801154218592424e-07 1.992801154218592424e-07
1.400000000000000000e+04 1.529404380847460094e-07 1.529404380847460094e-07
1.500000000000000000e+04 9.995488505344579748e-08 9.995488505344579748e-08
1.600000000000000000e+04 8.788615366974828577e-08 8.788615366974828577e-08
1.700000000000000000e+04 6.556914190364271840e-08 6.556914190364271840e-08
1.800000000000000000e+04 5.643426835189437890e-08 5.643426835189437890e-08
1.900000000000000000e+04 4.969272163335892780e-08 4.969272163335892780e-08
2.000000000000000000e+04 4.815549589552766703e-08 4.815549589552766703e-08
2.100000000000000000e+04 4.511739766234459015e-08 4.511739766234459015e-08
2.200000000000000000e+04 4.209883046956082470e-08 4.209883046956082470e-08
2.300000000000000000e+04 3.907398734837311255e-08 3.907398734837311255e-08
2.400000000000000000e+04 3.836260994312082991e-08 3.836260994312082991e-08
2.500000000000000000e+04 2.773686667729343658e-08 2.773686667729343658e-08
2.500100000000000000e+04 2.773522415949014822e-08 2.773522415949014822e-08
