# step, loss_train, loss_test, metrics_test
0.000000000000000000e+00 1.492099725876560790e+01 1.492099725876560790e+01
1.000000000000000000e+03 2.970732847774807395e-01 2.970732847774807395e-01
2.000000000000000000e+03 8.210793185181031184e-02 8.210793185181031184e-02
3.000000000000000000e+03 4.986886351057370076e-02 4.986886351057370076e-02
4.000000000000000000e+03 7.557514663442870505e-03 7.557514663442870505e-03
5.000000000000000000e+03 1.466064671432070095e-03 1.466064671432070095e-03
6.000000000000000000e+03 7.762056421923362818e-04 7.762056421923362818e-04
7.000000000000000000e+03 5.238050830091559897e-04 5.238050830091559897e-04
8.000000000000000000e+03 3.767230727905142621e-04 3.767230727905142621e-04
9.000000000000000000e+03 2.822674641550212212e-04 2.822674641550212212e-04
1.000000000000000000e+04 2.059851925593726089e-04 2.059851925593726089e-04
1.000000000000000000e+04 2.059851925593726089e-04 2.059851925593726089e-04
1.100000000000000000e+04 2.321956476415417702e-05 2.321956476415417702e-05
1.200000000000000000e+04 1.125562046194111276e-05 1.125562046194111276e-05
1.300000000000000000e+04 6.614780337879833347e-06 6.614780337879833347e-06
1.400000000000000000e+04 4.397793823319476045e-06 4.397793823319476045e-06
1.500000000000000000e+04 2.915139465142071309e-06 2.915139465142071309e-06
1.600000000000000000e+04 2.010461994572413058e-06 2.010461994572413058e-06
1.700000000000000000e+04 1.611397620725847082e-06 1.611397620725847082e-06
1.800000000000000000e+04 1.295636190158827277e-06 1.295636190158827277e-06
1.900000000000000000e+04 1.074131825221871122e-06 1.074131825221871122e-06
2.000000000000000000e+04 9.547752456619145717e-07 9.547752456619145717e-07
2.100000000000000000e+04 8.004487242621657245e-07 8.004487242621657245e-07
2.200000000000000000e+04 6.674851008640081392e-07 6.674851008640081392e-07
2.300000000000000000e+04 5.829902535823897575e-07 5.829902535823897575e-07
2.400000000000000000e+04 5.317330062468745381e-07 5.317330062468745381e-07
2.500000000000000000e+04 4.850135083401950005e-07 4.850135083401950005e-07
2.500100000000000000e+04 4.849906169006381304e-07 4.849906169006381304e-07
