# step, loss_train, loss_test, metrics_test
0.000000000000000000e+00 1.518166717500363916e+01 1.518166717500363916e+01
1.000000000000000000e+03 4.498173557486568469e-03 4.498173557486568469e-03
2.000000000000000000e+03 6.144102394445241254e-04 6.144102394445241254e-04
3.000000000000000000e+03 2.155393760873877110e-04 2.155393760873877110e-04
4.000000000000000000e+03 2.130269481555086995e-04 2.130269481555086995e-04
5.000000000000000000e+03 6.115338006068390855e-05 6.115338006068390855e-05
6.000000000000000000e+03 3.932329598901818308e-05 3.932329598901818308e-05
7.000000000000000000e+03 2.739236038949438844e-05 2.739236038949438844e-05
8.000000000000000000e+03 2.021899184971700773e-05 2.021899184971700773e-05
9.000000000000000000e+03 1.571371443407797156e-05 1.571371443407797156e-05
1.000000000000000000e+04 1.275055695178027633e-05 1.275055695178027633e-05
1.000000000000000000e+04 1.275055695178027633e-05 1.275055695178027633e-05
1.100000000000000000e+04 1.281154237682398831e-07 1.281154237682398831e-07
1.200000000000000000e+04 4.224761862211817070e-08 4.224761862211817070e-08
1.300000000000000000e+04 2.013866243313525139e-08 2.013866243313525139e-08
1.400000000000000000e+04 9.949615234406893083e-09 9.949615234406893083e-09
1.500000000000000000e+04 8.032227472636053162e-09 8.032227472636053162e-09
1.600000000000000000e+04 5.204601923909351807e-09 5.204601923909351807e-09
1.700000000000000000e+04 3.760885508204987757e-09 3.760885508204987757e-09
1.800000000000000000e+04 3.428838397322873609e-09 3.428838397322873609e-09
1.900000000000000000e+04 2.984734977741081567e-09 2.984734977741081567e-09
2.000000000000000000e+04 2.352661205847337672e-09 2.352661205847337672e-09
2.100000000000000000e+04 1.728695430661231791e-09 1.728695430661231791e-09
2.200000000000000000e+04 1.327440709073484899e-09 1.327440709073484899e-09
2.300000000000000000e+04 1.268200530211361922e-09 1.268200530211361922e-09
2.400000000000000000e+04 1.223461441554890105e-09 1.223461441554890105e-09
2.500000000000000000e+04 9.708887590738819710e-10 9.708887590738819710e-10
2.500100000000000000e+04 9.708673007192494101e-10 9.708673007192494101e-10
