# step, loss_train, loss_test, metrics_test
0.000000000000000000e+00 1.621385317804889326e+01 1.621385317804889326e+01
1.000000000000000000e+03 1.449129673371156501e+00 1.449129673371156501e+00
2.000000000000000000e+03 1.449087856622114368e+00 1.449087856622114368e+00
3.000000000000000000e+03 1.056998949427543771e-01 1.056998949427543771e-01
4.000000000000000000e+03 2.161697093733794262e-01 2.161697093733794262e-01
5.000000000000000000e+03 8.330575316962122168e-01 8.330575316962122168e-01
6.000000000000000000e+03 7.866345729201981718e-02 7.866345729201981718e-02
7.000000000000000000e+03 2.904603611334847721e-02 2.904603611334847721e-02
8.000000000000000000e+03 8.878427355217127781e-02 8.878427355217127781e-02
9.000000000000000000e+03 2.670845257180319288e-01 2.670845257180319288e-01
1.000000000000000000e+04 9.255962564496042488e-02 9.255962564496042488e-02
1.000000000000000000e+04 9.255962564496042488e-02 9.255962564496042488e-02
1.100000000000000000e+04 3.056401927429163237e-03 3.056401927429163237e-03
1.200000000000000000e+04 2.043179343617721518e-03 2.043179343617721518e-03
1.300000000000000000e+04 1.370746084355553736e-03 1.370746084355553736e-03
1.400000000000000000e+04 1.061806266728098583e-03 1.061806266728098583e-03
1.500000000000000000e+04 9.188158261848004956e-04 9.188158261848004956e-04
1.600000000000000000e+04 7.384615337232944450e-04 7.384615337232944450e-04
1.700000000000000000e+04 6.208329011935708125e-04 6.208329011935708125e-04
1.800000000000000000e+04 4.821476464840496602e-04 4.821476464840496602e-04
1.900000000000000000e+04 3.624620871235161110e-04 3.624620871235161110e-04
2.000000000000000000e+04 2.655539351715250403e-04 2.655539351715250403e-04
2.100000000000000000e+04 1.760693715900116339e-04 1.760693715900116339e-04
2.200000000000000000e+04 1.421862366604747022e-04 1.421862366604747022e-04
2.300000000000000000e+04 1.169280469589010037e-04 1.169280469589010037e-04
2.400000000000000000e+04 9.185118426766949453e-05 9.185118426766949453e-05
2.500000000000000000e+04 5.084318560334534981e-05 5.084318560334534981e-05
2.500200000000000000e+04 5.083818770696475509e-05 5.083818770696475509e-05
