# step, loss_train, loss_test, metrics_test
0.000000000000000000e+00 1.655635524166864769e+01 1.655635524166864769e+01
1.000000000000000000e+03 2.209724416509499176e-02 2.209724416509499176e-02
2.000000000000000000e+03 8.226383413263713487e-03 8.226383413263713487e-03
3.000000000000000000e+03 3.865702140053953184e-03 3.865702140053953184e-03
4.000000000000000000e+03 2.976688609667186777e-02 2.976688609667186777e-02
5.000000000000000000e+03 5.528648641267624661e-03 5.528648641267624661e-03
6.000000000000000000e+03 8.851892695470318581e-03 8.851892695470318581e-03
7.000000000000000000e+03 3.961270793551307373e-03 3.961270793551307373e-03
8.000000000000000000e+03 9.106684640504904196e-04 9.106684640504904196e-04
9.000000000000000000e+03 3.997022484270818465e-04 3.997022484270818465e-04
1.000000000000000000e+04 1.862937792411304165e-04 1.862937792411304165e-04
1.000000000000000000e+04 1.862937792411304165e-04 1.862937792411304165e-04
1.100000000000000000e+04 3.500022118749921391e-07 3.500022118749921391e-07
1.200000000000000000e+04 1.188812149986858449e-07 1.188812149986858449e-07
1.300000000000000000e+04 6.784297186958793391e-08 6.784297186958793391e-08
1.400000000000000000e+04 4.953415488198148845e-08 4.953415488198148845e-08
1.500000000000000000e+04 2.733353605022367985e-08 2.733353605022367985e-08
1.600000000000000000e+04 1.471581352231603193e-08 1.471581352231603193e-08
1.700000000000000000e+04 8.376741513551019855e-09 8.376741513551019855e-09
1.800000000000000000e+04 6.601899739853406846e-09 6.601899739853406846e-09
1.900000000000000000e+04 5.711339686571112931e-09 5.711339686571112931e-09
2.000000000000000000e+04 4.086407179270842364e-09 4.086407179270842364e-09
2.100000000000000000e+04 3.289949933402641463e-09 3.289949933402641463e-09
2.200000000000000000e+04 3.025651429839813735e-09 3.025651429839813735e-09
2.300000000000000000e+04 2.715129045722469160e-09 2.715129045722469160e-09
2.400000000000000000e+04 1.880865432118362865e-09 1.880865432118362865e-09
2.500000000000000000e+04 1.827008814737266630e-09 1.827008814737266630e-09
2.500200000000000000e+04 1.826965132381540218e-09 1.826965132381540218e-09
