# step, loss_train, loss_test, metrics_test
0.000000000000000000e+00 1.795214538166250550e-03 2.484036511850353304e-02 2.785517358732443258e-02 3.131399145573207643e-02 2.361716463071156930e-02 1.795214538166250550e-03 2.484036511850353304e-02 2.785517358732443258e-02 3.131399145573207643e-02 2.361716463071156930e-02
1.000000000000000000e+03 7.184109532523928652e-06 5.419092727787765303e-03 4.539559594604452783e-03 4.443775097840413357e-03 5.413468941422912122e-03 7.184109532523928652e-06 5.419092727787765303e-03 4.539559594604452783e-03 4.443775097840413357e-03 5.413468941422912122e-03
2.000000000000000000e+03 3.383859360673449000e-05 5.391996217076181278e-03 4.536303429232954945e-03 4.426970141312901175e-03 5.317178883281085087e-03 3.383859360673449000e-05 5.391996217076181278e-03 4.536303429232954945e-03 4.426970141312901175e-03 5.317178883281085087e-03
3.000000000000000000e+03 4.550331685022468154e-05 5.362369374412909173e-03 4.519682280472279642e-03 4.440950791396531573e-03 5.304577234719490796e-03 4.550331685022468154e-05 5.362369374412909173e-03 4.519682280472279642e-03 4.440950791396531573e-03 5.304577234719490796e-03
4.000000000000000000e+03 3.405924180356738069e-04 5.301190697448505094e-03 4.294032326569824712e-03 3.875231430820868378e-03 5.176922415312545239e-03 3.405924180356738069e-04 5.301190697448505094e-03 4.294032326569824712e-03 3.875231430820868378e-03 5.176922415312545239e-03
5.000000000000000000e+03 1.846116003224566307e-03 6.681181559374584425e-03 5.433415454391903043e-03 4.745944221401188386e-03 6.844683981238350833e-03 1.846116003224566307e-03 6.681181559374584425e-03 5.433415454391903043e-03 4.745944221401188386e-03 6.844683981238350833e-03
6.000000000000000000e+03 8.956566635544834865e-04 4.725442367730241060e-03 3.330631603328277224e-03 2.703460488814785068e-03 5.332802993543404001e-03 8.956566635544834865e-04 4.725442367730241060e-03 3.330631603328277224e-03 2.703460488814785068e-03 5.332802993543404001e-03
7.000000000000000000e+03 1.815703496709290777e-04 5.097489885509749914e-03 3.879691428449716459e-03 3.486842918289785338e-03 5.308755520767123939e-03 1.815703496709290777e-04 5.097489885509749914e-03 3.879691428449716459e-03 3.486842918289785338e-03 5.308755520767123939e-03
8.000000000000000000e+03 1.256562625565345694e-04 5.157470431346892169e-03 3.900375057001102385e-03 3.545547482743760352e-03 5.338922407382143062e-03 1.256562625565345694e-04 5.157470431346892169e-03 3.900375057001102385e-03 3.545547482743760352e-03 5.338922407382143062e-03
9.000000000000000000e+03 1.808492921467488390e-04 5.006436317339475403e-03 3.383447711847587316e-03 2.915669006321485943e-03 5.353447030830683386e-03 1.808492921467488390e-04 5.006436317339475403e-03 3.383447711847587316e-03 2.915669006321485943e-03 5.353447030830683386e-03
1.000000000000000000e+04 1.106508003080303127e-03 4.422924020335747795e-03 1.819040579676531018e-03 9.271589494292204392e-04 5.554405890089575935e-03 1.106508003080303127e-03 4.422924020335747795e-03 1.819040579676531018e-03 9.271589494292204392e-04 5.554405890089575935e-03
1.000000000000000000e+04 1.106508003080303127e-03 4.422924020335747795e-03 1.819040579676531018e-03 9.271589494292204392e-04 5.554405890089575935e-03 1.106508003080303127e-03 4.422924020335747795e-03 1.819040579676531018e-03 9.271589494292204392e-04 5.554405890089575935e-03
1.100000000000000000e+04 3.756505681536652787e-04 2.505209846720812383e-04 1.642336458682308977e-04 1.858665164908368875e-04 2.972441998187296528e-04 3.756505681536652787e-04 2.505209846720812383e-04 1.642336458682308977e-04 1.858665164908368875e-04 2.972441998187296528e-04
1.200000000000000000e+04 1.758164611560539346e-04 5.276926141463616978e-05 6.113015706782393588e-05 2.925180742896917963e-05 1.033870008550368306e-04 1.758164611560539346e-04 5.276926141463616978e-05 6.113015706782393588e-05 2.925180742896917963e-05 1.033870008550368306e-04
1.300000000000000000e+04 9.461680816403138651e-05 5.387340039049174820e-05 4.003972669642535959e-05 3.631934387926459801e-05 4.929281297624861914e-05 9.461680816403138651e-05 5.387340039049174820e-05 4.003972669642535959e-05 3.631934387926459801e-05 4.929281297624861914e-05
1.400000000000000000e+04 1.284967217492173825e-04 3.604336974790086951e-05 1.972254125738839817e-05 1.498102103643259146e-05 2.758998984733278508e-05 1.284967217492173825e-04 3.604336974790086951e-05 1.972254125738839817e-05 1.498102103643259146e-05 2.758998984733278508e-05
1.500000000000000000e+04 4.139261962506790858e-05 2.544992129135091336e-05 1.554580120027191324e-05 1.566224208417643562e-05 1.503145452368843226e-05 4.139261962506790858e-05 2.544992129135091336e-05 1.554580120027191324e-05 1.566224208417643562e-05 1.503145452368843226e-05
1.600000000000000000e+04 3.310751258954167423e-05 2.246743972942267435e-05 1.780254757628265660e-05 1.601099448132715323e-05 1.381124405077557590e-05 3.310751258954167423e-05 2.246743972942267435e-05 1.780254757628265660e-05 1.601099448132715323e-05 1.381124405077557590e-05
1.700000000000000000e+04 2.486454005847979669e-05 2.192145841674550082e-05 1.580481513769092057e-05 1.520536466985067158e-05 1.374690411301738327e-05 2.486454005847979669e-05 2.192145841674550082e-05 1.580481513769092057e-05 1.520536466985067158e-05 1.374690411301738327e-05
1.800000000000000000e+04 2.564099058688102794e-05 1.692986087445725766e-05 9.517896932326701723e-06 9.301237307915188505e-06 1.092253641276083165e-05 2.564099058688102794e-05 1.692986087445725766e-05 9.517896932326701723e-06 9.301237307915188505e-06 1.092253641276083165e-05
1.900000000000000000e+04 1.954326762561500047e-05 1.612768352044732415e-05 9.146635418966672288e-06 8.946642405732227381e-06 1.102492393700945205e-05 1.954326762561500047e-05 1.612768352044732415e-05 9.146635418966672288e-06 8.946642405732227381e-06 1.102492393700945205e-05
2.000000000000000000e+04 1.502008993768305733e-05 1.555882905136777794e-05 8.487722868238818834e-06 8.572930259454961173e-06 1.081302582439500041e-05 1.502008993768305733e-05 1.555882905136777794e-05 8.487722868238818834e-06 8.572930259454961173e-06 1.081302582439500041e-05
2.100000000000000000e+04 1.222135757595179604e-05 1.532544868779487515e-05 8.382738943579960637e-06 8.785702191993471831e-06 1.077688920053862137e-05 1.222135757595179604e-05 1.532544868779487515e-05 8.382738943579960637e-06 8.785702191993471831e-06 1.077688920053862137e-05
2.200000000000000000e+04 1.036835658466325027e-05 1.551249158161422084e-05 8.318491605873683988e-06 8.954601308360923148e-06 1.076288458896947527e-05 1.036835658466325027e-05 1.551249158161422084e-05 8.318491605873683988e-06 8.954601308360923148e-06 1.076288458896947527e-05
2.300000000000000000e+04 9.240764655247729934e-06 1.564482718560536635e-05 8.350786159499165018e-06 9.133702556293735631e-06 1.073783367278129481e-05 9.240764655247729934e-06 1.564482718560536635e-05 8.350786159499165018e-06 9.133702556293735631e-06 1.073783367278129481e-05
2.400000000000000000e+04 7.928932709854193315e-06 1.545587961605735374e-05 8.290546845255176368e-06 9.470658212818419588e-06 1.061886661478613160e-05 7.928932709854193315e-06 1.545587961605735374e-05 8.290546845255176368e-06 9.470658212818419588e-06 1.061886661478613160e-05
2.500000000000000000e+04 7.735602777397841540e-06 1.481051715680543081e-05 7.980653904120748105e-06 8.867093682785851693e-06 1.110118876133758234e-05 7.735602777397841540e-06 1.481051715680543081e-05 7.980653904120748105e-06 8.867093682785851693e-06 1.110118876133758234e-05
2.500100000000000000e+04 7.739316313428922184e-06 1.481461563157792640e-05 7.972774981682144338e-06 8.866667534271646352e-06 1.110134975734206906e-05 7.739316313428922184e-06 1.481461563157792640e-05 7.972774981682144338e-06 8.866667534271646352e-06 1.110134975734206906e-05
